3719.264694
3720.49251
3722.2733
372.28838
372.31751
3725.5763292147667
3726.4525562188633
3727.784
3728.213
3728.311
3728.407
3728.672
372.896290
3730.3695710821157
3731.429
3734.047
3734.734
3738.575
3738.951795127466
3739.906
374.224627
374.398720
3746.724
3747.035
3748.604
3750.150
375.20882
3753.635
3754.309
3755.660
3756.279
3757.361
3758.762
375.95351
3759.774
376.03847
3760.502
376.23841
3762.538
3762.773
376.40027
3766.3398968768406
376.64823
3767.517
3768.971579609493
3770.6560166305
377.11269
377.244198
3773.722
3774.829
377.73430
3778.490
378.203985
3784.087
378.43707
3785.650454
3786.675812
3787.458325
3788.71413
379.024375
3791.431959
379.18708
3792.594893
3794.174
3794.893018
3795.775429
379.64634
3797.670969
3798.285188288423
379.91823
3801.277275
380.25215
380.26505
3803.499251
3803.943876
380.415462
3804.252224
3804.919155
380.50633
3805.207813
3805.778642
3808.353480
3808.955123
3810.537544
381.20767
3813.479982
381.41498
3816.648334
3817.249218
381.976891
3820.099139
382.18760
3822.515316
3823.794173
3823.947346
3824.152211
3824.542579
3824.669748
382.62182
3826.757990
3827.454543
3827.893160
3828.033743
382.947076
3830.125769
3831.147108
3831.479852
383.186034
3832.726518
3834.173244
3835.766113
3836.798670
383.767346
3837.809522
383.896370
384.078417
3841.520122
3841.889593
3842.608181
3843.050088
384.39859
3844.110109
3845.654015 
3845.821642 
3846.023500 
3846.183099
3846.496175
3847.717742
3847.978316
3848.710564
3850.273996
3851.003100
3851.225048
3851.673488
385.32276
385.56040
3857.448
3857.611844
3857.717157
3860.934
386.35169
386.45004
3865.363186
3866.067061
3867.375199
3868.004626
3869.351878
3869.625305
3870.7605
3872.714247
3873.234962
3873.601818
3873.820103
387.42453
387.457160
387.492025
387.534170
387.596009
3876.363528
387.647143
3878.561866
3878.708611
3879.761672
3880.368188
3880.547224
388.074342
3881.293898
3881.432284
3883.244354
3884.868572
3885.729431
3885.920902
3886.168109
3886.325906
3886.505768
3886.869574 
388.801730
388.81209
3891.00850
3892.307444
3892.504430
3892.828887
3893.082045
3893.410089
3893.811803
3894.755139
3895.763534
3896.354498
389.652262
3898.420853
3898.716444
389.954178
3899.90026
3900.982303
390.19834
3902.257740
390.27670
3903.276404
3903.894739
390.420765
3904.413935
3904.587315
3905.021700
3905.109634
3905.188219
3906.292246
3908.266892
3908.650147
3909.855555
3910.087432
3910.245904
3911.881270
3912.084663
3912.629396
391.301680
3914.753870
3915.273444
3915.876980
3916.957559
391.752647
3917.707548
391.83790
3918.877161
3919.179706
391.96069
392.013313
3920.570061
3921.422870
3922.563817
3922.890679
3923.327818
392.491053
3925.515604
392.620463
392.63301
3926.830742
3927.157411
3927.817459
3927.975727
3928.288310 
3928.918288
3929.735911
392.99764
393.04035
3930.508869
393.078170
3931.771075
3933.111068
3933.339774
3933.660215
393.402448
3934.351280
3934.774849
3935.083700
3935.174234
393.53879
3935.911453
3938.154423
393.97288
3939.896379
3940.269573
3940.433837
3941.820828
3941.957028
394.31891
3943.474535
3943.672000
3944.023875
394.47219
3945.3864721094556
3946.624094
394.69359
394.72130
394.750880
3948.252874
394.84479
3948.621868
3948.915323
394.914769
3950.096700619436
395.151307
395.19219
395.26325
395.387896
3954.456766
3954.796507
3955.846991
395.62890
395.70100
3957.124202
3957.601412
395.77131
395.78103
3959.499705
3960.047561
396.042005
3961.389115
3962.6419734069195
396.35398
3964.341753
396.51506
3965.450844
3965.850115
3966.604863
3967.455980
3968.086570
396.851450
3969.482162
3969.5897864119365
397.01257
397.07874
3971.814668
3972.260132
397.327844
397.37633
397.431971
397.44567
3974.815526
3975.600867
3975.882876
397.75402
3980.166308
3980.481353
3980.841667
3981.082152
398.121509
398.18802
398.22323
398.29541
398.3226
3983.606667
3983.732871
3984.021561
3984.300696 
3985.221639
398.60068
3987.202925
3987.539764
3988.682289
3988.995046
3989.154893638841
3989.285697
3989.728070
3989.973197
3990.580769
399.162040
3991.938
399.20211
399.285953
3993.182444
3993.402433
3994.428355
3994.643787
3994.853109
399.567873
399.59207
399.71913
3997.328397
399.77981
3998.060812
3998.146834
3998.475819
3998.596827
399.89955
399.91908
399.98630
400.00824
4000.382891
400.14119
4001.575865
400.218920
4002.865774
400.302462
4004.237505
400.44404
400.47059
400.622496
4006.494522
4007.094427
4007.513322
400.81521
400.934317
401.019057
401.08578
401.09514
4012.343554
401.272524
401.287370
401.362922
4014.991336
401.56488
401.585106
4019.489015
4019.645403
402.026472
4020.603268
402.09997
402.14901
4021.744887
402.22859
4022.887225
402.44745
402.593993
402.67928
402.814695
4028.684366
4029.472649
4030.459475
403.07959
403.096423
403.143137
403.198129
403.359246
403.373425
4034.947891
403.504657
403.53864
4035.741868
4036.600671
403.68700
403.718805
4037.501485
403.770560
403.87023
403.93697
4039.597928
4039.945965
404.10060
4041.534417
404.20586
404.23451
404.40357
404.42727
404.453692
404.55607
404.60695
404.63704
4046.819058
4047.108417
4047.394865
4047.968371
404.94310
404.95751
405.06787
405.108853
405.203143
405.26436
405.40655
405.467247
405.54467
4055.671547
4057.052213
4057.153250
4057.547008
4057.781703
4059.087002
4060.081117
406.039906
4062.772100
4063.230019
406.455460
406.547928
4066.139800
4066.258289
4067.970783
406.859910
4069.025453
4069.620435
4069.853161
407.035033
407.061045
407.138729
4072.704464
407.290120
407.315440
407.35347
407.37780
407.500678
4075.792407
407.665355
407.70577
4077.779749
4078.094430 
4078.773707
4079.130437
4079.452843
408.00272
408.07251
408.150992
408.251992
408.32340
4083.540231
408.462134
408.57718
408.619539
408.64097
408.658726
408.767398
408.78444
408.843827
408.988023
409.029225
4092.182156
409.25035
4092.891443
4093.142010
4094.547535
409.590265
409.60559
409.723155
4098.292710
409.84747
409.890371
409.988821
410.00891
4100.612832
410.07098
4101.150432
410.149843
410.20758
4103.452938
410.377528
410.39782
410.50700
410.55406
410.59968
410.64885
410.70737
410.820947
410.84453
410.90203
410.957918
411.048276
411.17949
411.198579
411.391478
4115.650639
411.692004
4117.53471
411.787511
411.96507
412.48898
412.52036
4125.942233
4126.868525
4127.513637
412.857610
412.92143
4129.804770
413.06762
4130.847233
413.14894
413.216726
4132.373701
413.25912
413.288801
413.37861
413.391899
413.51231
413.523392
413.54897
4136.465578
413.66462
4137.298025
413.74518
413.92078
4140.633491
414.140277
414.15533
414.34927
414.36425
414.386922
414.481754
4145.412334
4145.507925
4145.743375
4146.217162
4146.466001
4148.550434
4148.710020
414.93516
415.115702
415.125920
4152.315995
415.58919
4157.257546
415.74099
415.768846
415.84523
415.976317
4160.326509
416.08313
4161.912753
4162.282875
416.29122
416.368238
416.38531
416.39554
4164.353692
416.48204
4165.122499
4166.147550
416.694044
416.90394
4169.221896
4169.630448
416.98095
4170.143993
4170.388497
417.10059
417.170873
417.19626
417.25168
4173.801996
417.46233
4174.89760
4175.616260
4177.513005
4177.658976
4178.342
4178.916184
417.923716
4179.542542
418.002571
418.089277
418.11381
4181.368416
418.15063
4181.900230
418.30622
418.41135
418.47428
418.53168
418.57829
418.63242
418.66488
418.83207
419.18942
419.22104
419.30098
419.354305
419.419787
4194.699471
419.611799
419.70164
419.950017
420.08141
420.185820
4202.737997
420.30303
4203.155886
420.34478
420.47607
420.50682
420.52255
4205.722664
4206.312495
4207.240294
4207.838439
4208.360616
4208.797982
420.95969
420.99339
421.03819
421.115849
421.12740
421.16414
421.195091
421.210924
4212.469506
4212.700787
421.425398
421.45643
421.601552
421.68153
421.70407
421.72572
421.75599
4218.253793
4218.618744
4219.374272
421.97310
4219.853002
422.125368
422.19208
422.23414
4222.880529
4223.340910
4223.636147
4223.826635
422.463007
422.47827
422.54307
422.74897
4227.799575
422.791699
422.81777
422.857764
422.93485
422.96070
422.99520
423.033866
423.06457
423.161797
423.20160
4232.941594
4234.480332
4236.176454
423.62846
4236.428
423.665610
4237.239839
423.84125
4240.983480
424.228867
4242.894609
424.31666
424.39126
424.42137
424.44559
424.51199
4245.468992
424.67536
4247.517776
424.87943
4249.054531
424.91847
424.958680
424.97135
4249.936166
425.06727
4250.875760
425.151104
425.197149
425.23809
425.473572
4255.065261
425.643502
425.72947
425.745170
425.869457
425.90970
425.971911
426.056081
426.153200
4262.004797
426.21835
426.24744
426.26914
426.38122
4265.306985
426.55400
426.74873
426.77276
427.02645
427.114421
4271.530344
427.19365
427.23062
427.26423
427.337114
427.407701
427.455997
427.52277
427.55573
427.801053
427.851750
427.873193
427.952708
4280.263250
4281.127295
428.177224
428.227251
428.26189
428.30809
428.324614
428.41024
428.43099
428.47238
4286.181
4286.388
4287.145700
428.743428
4287.561745
4287.906091
428.82875
428.91577
428.96762
428.987541
429.08620
4292.840087
429.301725
429.35136
4295.233837
429.59275
4296.246633
4296.334029
4296.445475 
429.67934
429.70233
4298.177407
429.851546
4298.842612
429.93322
4299.773662
430.084447
430.104880
430.131074
430.18591
4303.256163
4303.735965
4304.303252
430.45985
430.51996
430.56273
430.61674
430.75771
430.838759
430.933354
430.98118
431.03060
431.04503
431.109902
431.22764
431.301222
431.48154
431.553296
431.646785
4317.586
4317.759302
4318.602897
4317.759302
4319.055811
431.963024
432.134134
432.19536
4322.647150
4322.941945
4326.116074
4326.236410
432.649014
432.70760
4327.737760
432.84474
432.89314
433.013254
4331.429680
433.16298
433.206139
433.241742
433.32476
433.35572
433.477962
433.65577
4338.290236
433.849669
433.932728
4339.450168
434.10917
434.211567
4343.269313
434.34746
434.366496
4343.896080
434.46032
434.51724
434.554786
434.63897
434.765846
4348.860886
434.928622
434.98201
435.029467
435.14940
4352.495
435.34280
435.383554
435.467223
435.57060
4355.874074
435.65445
4356.751131
435.72697
4357.745898
4358.474944
435.88378
4359.077983
435.954495
436.059712
436.13925
4361.943920
4362.532943
436.32922
436.36969
4365.021134
436.715698
436.85133
436.86449
436.90590
4370.220656
437.07223
437.110368
437.198160
437.25574
4373.323846
4373.718216
437.42680
437.535289
4376.088861
437.71838
437.77607
4378.776423
437.940697
4380.444360
438.089759
438.15169
438.263242
438.309124
438.41243
4384.984609
438.588782
438.62889
438.69840
438.896692
438.93335
439.02003
439.234405
439.26226
439.27631
439.420805
439.499370
4396.129190
439.73746
439.77137
4399.033452
439.91503
4400.642348
440.120469
440.13325
440.222264
440.281746
440.34814
440.416375
440.53498
4406.140535
4408.146248
4409.121801
440.972087
441.012103
441.11376
441.397834
441.41324
441.48722
441.572606
4416.006704
4416.762971
441.74771
441.78990
441.808513
4419.001143
4419.239809
4419.905278
4421.011575
4421.353845
442.14987
442.20225
442.27843
442.328968
442.40255
442.41294
4424.504066
442.496222
4425.236758
442.60796
442.724399
442.97968
442.99876
443.01259
443.10674
443.143302
443.22407
443.349650
443.420739
443.47353
443.50834
4436.202222
4436.689118
4437.293330
443.75299
443.82411
4438.690703
443.999267
444.03698
444.07075
444.160004
444.182020
444.21126
444.28556
444.43338
444.491303
444.628151
444.714916
444.78319
444.84779
444.90834
4449.708644
445.01281
4450.769156
445.20534
445.26092
445.381527
4454.441453
445.53898
4455.592021
4455.765728
4456.024249
445.71186
4457.731735
445.84873
4458.892117
445.925275
445.99894
446.07991
4461.809256
446.249313
446.277989
446.304136
446.491861
446.50879
4465.389080
446.60997
446.659381
4467.228834
446.78788
446.95754
447.04428
447.077961
447.22454
447.41004
4474.935222
447.53293
447.601498
447.647713
447.70205
4477.749485
4478.469883
447.96599
447.985234
4480.283280
448.08948
4481.524984
4482.557514
448.306826
448.342675
448.460470
448.52974
448.69721
448.815608
448.875448
448.95715
448.994025
449.092416
4491.455917
4491.932808
4492.242089
449.33605
4493.495316
449.39343
449.459422
449.48272
449.59519
449.62238
4496.497889
4496.856551
4497.899731
449.91763
4499.800996
450.020214
450.064133
4500.965520
450.124554
4502.104606
4502.552822
4504.190203
4505.894075
450.648038
4506.870019
450.773689
450.86825
4509.095659
450.93003
450.94274
451.12234
451.199849
451.37488
451.448896
451.494575
451.638451
4519.609377
452.052661
452.246172
4523.591270240787
4525.397355
452.61061
4526.714712
4527.297029
4528.187815
452.92909
4531.193482
453.158942
4531.822711
453.29847
453.35285
453.434793
453.457516
453.53912
4535.674124
453.652627
4537.029139
453.72513
4538.020917
4538.131712
4538.914504
4540.997641
4541.839488
454.227213
4542.621983
454.46896
4545.787588
454.632626
454.719005
454.79504
454.81105
454.852460
4549.034085
454.96014
4550.255007
4551.109818
4551.459705
455.27494
4552.985831
4553.095502
455.342957
4553.727157
4554.146654
4555.612657
455.708966
455.76648
455.962349
456.03348
456.05894
4562.291023
456.262620
456.33585
456.37517
456.494013
4565.685146
456.611469
456.852031
456.942287
456.98031
457.04281
4571.372713
457.225324
457.250055
4572.812827
4573.239096
4574.173762
457.49855
457.53096
457.55882
4576.708212
4578.023305
457.88639
4580.102
458.063304
458.111049
458.245706
4583.718861
4583.817145
4583.949553
4584.938805
458.51577
458.59366
4586.238495
4587.554986
4589.041348
4589.177799
4589.511601
458.971183
459.04083
459.05521
459.118404
4593.554813
459.395285
459.42438
459.493094
459.670818
459.73838
459.759560
4598.859617
4599.725077
460.00498
4600.641724
460.09936
460.21609
460.41760
460.443408
460.77918
460.86685
4608.953661
460.922556
461.085859
461.19191
4612.536158
461.38346
461.489674
4615.404954
461.631697
461.662686
4617.176828
461.77453
4619.200086
462.07734
462.15348
462.17416
4621.968309
462.245717
4622.952632
4623.415871
462.44122
462.56090
4625.974139
4626.348499
462.65698
462.67899
462.859385
462.949761
462.97374
4630.498696
4630.670102
4631.065873
463.29390
463.305875
463.49164
463.506347
4635.318143
4635.903764
4636.712447
463.85318
4639.237786
463.94245
463.998368
464.08178
464.10021
4641.194095
464.134546
464.25533
4643.452143
464.48567
464.60074
464.798738
464.855220
4648.792064
465.12790
465.153615
4652.680776
465.285773
465.329204
4654.609288
465.63352
465.651584
4657.486474
465.78555
465.920539
465.96827
465.98302
466.08745
466.16984
4662.899018
4663.266123
466.38994
466.450804
4666.094852
466.62766
466.70218
466.731106
466.782207
466.810486
4668.300826
4669.227936
466.947842
467.06627
467.09739
467.129151
467.22513
467.37443
4673.941522
467.43580
467.496915
467.66846
467.736436
467.82811
467.95447
468.154774
468.17013
468.25281
4682.806756
4683.389
4684.041023
468.44876
468.466250
4685.949566
4686.121948
4686.385278
4686.689985
468.750612
4687.883643
4688.746749
4689.589626
4689.772331
469.056420
469.07635
469.193467
4692.207963
469.23628
4692.658433
469.281150
469.294833
469.31964
469.540508
469.635195
469.676802
4698.910125
469.95395
470.14557
470.20869
470.22731
470.36309
4704.676144427276
470.530601
470.69336
470.707742
470.75685
470.83621
4709.418004
470.961126
4709.742274
4710.377137
4710.798928
4712.141571
471.23103
471.27362
4712.877692
471.33241
471.380000
471.415973
4715.109664
4715.438112
471.59905
471.67500
471.87103
471.98359
471.99371
472.07632
472.10140
472.14830
472.17794
472.21025
472.259744
4722.911216
472.340960
472.38204
472.475959
472.510522
472.60937
4727.267130
472.819079
472.91715
472.94556
473.03073
473.045105
473.12024
473.14150
4732.204539
4732.519084
473.33769
473.53706
473.723064
473.92416
4740.165986
474.04385
474.100200
474.185513
474.22530
474.228461
474.262979
474.344403
474.38939
474.50281
474.666469
4748.149906
4748.944981
474.97329
475.052844
475.374313
4755.736245
475.78673
475.80320
475.948010
475.96222
4760.090922
4760.522924
476.10197
476.24415
4763.561847
476.38585
476.567858
476.619720
476.692756
4767.637113
476.793327
4768.294788
476.93908
4769.499839
4770.010860
4771.720541
477.19146
4774.130713
477.457553
4776.166565
477.664804
477.712924
4777.656547
477.81134
477.852707
477.962979
4779.974108
478.09260
478.106504
4781.258322
478.20872
478.26264
478.28616
478.40982
478.49763
478.519922
478.53769
4786.609736
4786.997818
4787.110410
4787.485935
478.786927
478.80631
478.848633
479.072564
4791.414898
479.17785
479.28556
4793.421097
4793.934612
479.458447
4795.017251
479.52453
479.725375
479.88381
4799.313339
480.15147
4802.393556
480.40140
480.52978
4806.588893
480.736399
480.947754
4810.108698
481.095832
4811.696391
4811.866707
481.372038
481.435188
481.506574
481.524169
4816.268467
481.68094
481.83667
4818.790132
4819.641864
481.99946
482.02278
4821.270046
482.18121
482.223166
482.26204
482.27358
482.293521
482.32118
4823.361516
482.420253
482.495428
4825.997433
482.64070
482.804916
4828.515419
4829.812735
4830.009382
483.114692
483.247122
483.294768
483.37725
483.415315
483.45292
483.50274
483.51786
483.54484
4838.047383
483.87641
4839.911160
484.182755
484.219530
4843.521387
4844.376142
4845.519482
4846.110126
484.62782
484.651630
484.86813
484.916443
484.971699
485.049482
485.121655
485.179469
485.422425
4854.963914
4857.508242
485.88967
485.93049
4859.449134
485.969011
4860.788493
486.257457
486.307528
4863.791189
486.683653
486.72714
4867.958849
4868.914392
486.98881
487.024130
4870.698987
4871.612543
487.264974
4873.040594
487.33917
487.572572
487.76047
487.785720
487.83639
4878.480487
487.86275
4878.861962
487.91750
487.937179
4879.769962
488.009559
4880.520901
488.07121
488.122674
488.256758
4882.960827
488.32171
4883.607243
488.38125
4884.662759
488.59138
4887.496429
4887.662862
4888.231096
4889.313214
489.04078
489.085549
489.18241
489.24027
489.30274
489.412547
489.481163
4896.058167
489.632181
4898.955905
490.01738
4902.651088
490.342316
490.39685
490.416315
490.44277
490.61214
490.85797
4910.375966
4910.581376
491.12133
491.152870
491.19194
491.25067
4913.309975
491.34141
491.390116
4914.851154
491.54941
491.67874
4917.193576
491.91948
4920.841854
492.118931
492.139049
492.199738
492.298711
4923.601611
492.43183
492.57965
492.68007
492.71646
492.73255
4927.629750
492.86742
492.915592
4929.408332
493.00561
493.04620
493.13610
4931.437682
4934.210779
493.45865
493.52294
4935.707905
4936.551400
493.73060
493.815308
493.920775
493.98829
494.06488
494.102079
494.27924
494.444368
494.683879
494.804443
4950.778818
495.16323
495.200789
4953.138202
4954.072472
4954.914523
495.53106
495.59396
495.60436
495.86792
495.94821
4960.733420
4961.652327
496.18074
496.27667
496.311055
496.34477
4963.856282
496.45733
496.55046
496.56456
496.646544
496.711723
4968.719392
4969.040795
497.01412
497.12886
497.146562
497.41425
497.47805
497.64780
4977.982582
4978.263568
497.87794
4979.042647
4979.615645
498.157549
498.21462
498.23404
4983.264467
498.387761
498.49239
498.676324
498.73398
498.85386
498.89502
499.070058
4991.339990
499.35182
4994.026301
499.514202
499.54989
4997.190276
4997.927483
500.06341
500.13347
500.16406
5002.127796
5002.837848
500.349241
5004.290464
500.499376
500.552401
5007.372982
5008.250252
5009.586665
501.07320
501.13337
501.18147
501.23422
501.28750
5013.672663
5014.563887
5015.582587
5015.847373
501.61526
5016.330416
5016.679105
501.79347
501.856249
501.865356
501.890811
5019.030482
501.94530
502.120618
502.26547
502.340567
502.35748
5024.882499
502.510933
5026.195017
5027.559071
503.005798
503.04152
503.10325
503.129442
5032.548238
503.32175
5033.431613
503.67429
503.81328
503.97065
503.98239
504.063551
504.093171
5041.904497
504.20859
504.252826
504.30049
504.49212
504.612614
504.665538
504.775957
504.845074
504.88362
5050.219945
505.120411
505.219250
505.24926
505.329720
505.39953
5055.585556
505.66287
505.675683
5057.938509
505.939667
505.977114
505.99715
5060.565067
506.127169
5061.490638
506.26345
506.306746
506.34489
5063.907416
506.43440
506.492721
506.541071
506.57456
506.601400
506.635740
506.660465
5066.900320
506.754800
506.818985
506.855055
506.938666
507.02421
507.07526
5071.865397
507.21931
5072.393991
5072.673134
5072.886155
5074.045423
507.60621
507.68820
5079.448566
5080.555414
508.13233
508.286253
508.62126
508.641091
5087.257317
5087.594506
509.14700
509.21698
5095.968154
509.61099
509.64848
5097.275914
509.790520
509.946444
510.03524
510.204265
510.255127
5104.155867
510.80917
511.11570
5111.470184
511.19769
511.22888
511.24864
511.270257
5114.174780
511.647003
5117.722028
511.87187
5119.626287132529
5121.087955
5121.294532
512.27503
5122.907122
512.392711
5124.408633
512.56735
512.691764
512.737855
5129.226317
512.991878
513.01740
513.16632
513.25018
513.34222
513.45354
5135.180959
513.617656
5137.018992
513.75522
513.890448
5139.139457
514.08803
5141.267560
514.220582
5142.697138
514.32159
514.470022
514.534952
514.64720
514.67417
514.74899
514.85682
514.96456
515.06409
515.12434
515.21355
515.304697
515.32942
515.34026
5154.296309
5154.571148
515.567881
515.63334
5156.263485
515.88624
516.004117
5162.147603561877
516.297735
516.37235
5164.184085
516.489669
516.58396
516.72152
516.80949
516.98299
517.002628
517.036205
517.39186
5174.131125
517.511254
517.624026
517.676614
517.73537
517.76709
517.784559
517.840296
5178.976694
517.99219
518.21639
518.39705
518.45332
518.47840
518.50531
518.54336
518.589707
518.61771
518.66489
518.785755
518.878201
518.91914
518.98091
519.23176
5192.809262
519.527214
519.590409
5196.270488
5196.791220
519.726052
519.86833
520.024745
520.061158
520.077463
520.34570
5203.642740
520.52971
520.660151
520.794551
520.81126
520.82491
5208.608577
5208.926856
520.91160
520.92521
5209.510227
521.117501
5211.938461
521.268132
521.37999
521.480078
5216.221302
5217.735697
521.804911
521.99799
522.056300
522.17604
522.21602
522.237992
5222.725835
5223.316301
5224.354353
522.79802
522.968003
523.04504
5231.317626
5231.956552
523.261585
523.34945
523.468206
523.55643
5236.199886
5237.692443
524.027211
524.101060
524.165540
524.35484
5246.836838
5248.331576
524.865767
524.911530
5249.444746
5250.615195
5251.006770
525.23347
5252.564337
5254.248131478367
525.55718
525.57215
5255.928462
525.70374
5258.025955
525.982379
526.12395
526.156819
526.293623
5263.363661
526.40849
5264.496298
5266.248214
5267.017123
526.817597
5268.629837
5269.431282
5269.721567
5271.733208
5272.297921
527.439419
527.558647
527.861438
527.896881
5280.500471
5281.842082
528.253832
5283.098421
5284.915944
5287.540452
5288.358099
529.10926
529.328888
5293.817737
5295.284847
529.587017
529.65616
529.71474
529.775223
529.88819
529.921705
529.975665
530.00340
5300.555321
530.199815
5302.246977
530.28794
530.495918
530.846205
530.894224
530.97874
531.174405
531.23429
531.347949
531.400682
531.438248
531.67063
531.897358
531.95898
531.99063
532.15784
532.22498
532.43790
532.48823
532.66253
532.691292
532.775907
532.845751
533.08569
533.156299
533.48684
533.84999
534.13804
534.19839
534.506745
534.67981
5347.315923
534.78637
534.945854
535.04929
535.261482
535.33247
5354.962518
535.60908
535.712586
5359.870211
536.01962
5360.557302
536.131762
536.164066
536.264680
5363.412743
536.406648
537.077481
537.094013
5371.509040
537.220302
537.26172
5373.488694
537.419685
5374.988975
537.631636
537.684719
537.72641
537.827603
538.033138
538.060610
5383.011096
538.442417
538.55325
538.810825
538.86501
538.93108
538.954873
5391.938841016022
5392.257180
539.25745
539.407208
539.547153
539.626057
5399.017272
539.97051
540.020245
540.11231
540.16471
5404.107054
540.470145
540.82581
5408.846888
540.915690
5411.977985
541.227297
5413.951010
5414.885908
541.702805
541.899173
542.06349
5422.858399
542.31696
542.33432
542.551552
542.62389
542.718642
542.76777
542.79156
542.91294
543.06144
5431.264695
543.262142
543.31150
543.42696
543.48030
543.52102
543.53878
543.566188
543.66333
543.72345
543.74035
5438.232461
543.88991
543.96494
5441.185079
5441.501391
544.211354
544.27264
5443.760420
5444.746515
5445.203328
5445.434716
544.866762
5449.786604
545.099327
5452.027085
545.31688
545.373393
5455.821637
5459.314640
5461.169536
546.32537
546.38546
546.41313
546.572370
546.86894
5471.192199
547.227927
5474.960997223065
5478.007100
5479.075612
548.02661
548.05972
548.40246
5484.874258
548.56705
548.60848
5488.027127
549.01535
549.06136
5491.644353
5493.605549
549.416939
549.473022
5495.018737
549.585709
549.74019
549.766386
550.078302
550.117555
5501.861672
550.280977
550.34717
5504.794498
550.583117
5507.641643
550.84497
550.906855
5509.290477
551.008877
551.22136
5515.907801
551.640495
5518.033734
5519.790453
552.052265
552.32867
552.611720
5526.491158
552.883043
552.976305
5536.027653
553.90947
554.080028
554.144922
554.31205
554.442959
5545.444214
554.76601
554.971684
555.29135
5555.565689
555.70746
555.858887
555.988599
556.02467
5561.213722
556.143526
556.57461
5569.549689
557.273848
557.490123
557.775313

