2769.659716257319
2796.355218853043
2833.1482151234713
2838.1294360062943
2843.647789331496
2852.096862986937
2852.963075689844
2871.2485704205146
2885.1359898768133
2885.895176951174
2888.6648595636166
2899.783601814629
2900.569795832858
2922.4752077742983
2925.907056696138
2929.110849457831
2943.7204675963862
2958.4471197239654
2958.780202383851
2969.5538773946355
2974.880200832966
2979.5293565273655
2984.68763933656
2994.6721240130596
2999.968442892588
3007.8083962787405
3009.3737864635223
3034.9491685189573
3047.837389681677
3049.978925238729
3061.328765126743
3062.5900808813094
3068.6205909707364
3073.0076899777664
3079.722372779086
3081.1117210780494
3083.8764142742375
3085.921927242102
3089.0997243171423
3089.3667913132017
3090.991198838617
3094.2940275922556
3105.2527788376797
3106.6481293056254
3107.9274506620354
3109.1987700380214
3110.9232032906334
3118.5881297062633
3120.4305929281486
3123.8684574198355
3125.2928156535027
3126.4130974357536
3131.977497368777
3137.1247928509433
3137.737947201983
3139.9264981857023
3141.1818142585194
3143.746460089579
3146.5481657479827
3146.9542680432246
3151.3673798690124
3155.2143493362737
3155.6884688357763
3162.309137944003
3166.2121222573624
3167.0143246007287
3170.246139886879
3170.5902266995863
3172.1936312629023
3174.345174197477
3175.1223703393066
3176.644754574247
3179.1623900855307
3179.9675933602643
3181.1138827612194
3185.8700837798774
3193.5090135123037
3195.15142854059
3196.6127978565696
3199.89362711091
3203.4465253286967
3205.2469805841492
3205.9271525830777
3208.511806246545
3211.2364954407044
3212.121719378347
3214.502321667869
3215.003448463793
3215.3085256568716
3217.667122497625
3221.281037165542
3223.334556994947
3226.342318500879
3229.9422301130194
3231.800700815731
3236.773960677004
3239.0505375226626
3239.868744861857
3242.0432959574546
3244.624950318899
3245.385143021224
3246.696475453409
3250.7375000462953
3252.8540367881164
3254.8045314824126
3255.7487709857573
3257.2131424454033
3258.3064197924627
3259.0446070689463
3260.000849677704
3263.608765166499
3264.5109941324517
3266.519503891645
3267.5767722500714
3271.759834166996
3272.970141465107
3274.2604691041643
3274.859621248751
3276.011913868828
3281.3162611367648
3281.994433417449
3282.647599351919
3286.750641856669
3287.5298398635177
3288.7361464228547
3291.5478610467503
3292.6871506403277
3293.469349476548
3294.589634270034
3298.9997555643495
3300.6191673770404
3302.6016715739697
3305.189329759357
3306.2556009989507
3308.1800905939085
3310.3176344514586
3315.7810247985226
3320.300175165744
3320.8653190452455
3325.70955251564
3326.0776462553026
3328.15017408514
3330.6858199416897
3331.4350107855835
3334.0876865721957
3335.5630624754217
3338.829894919652
3341.6856227258895
3345.7206512743974
3347.5181095257662
3349.730673665375
3351.887223585958
3352.192301385857
3355.1440541957663
3359.5671824791757
3361.96379393211
3365.652735247856
3373.791812745225
3374.461983844663
3375.9443623271004
3377.405735474291
3379.5432813252114
3381.830865555703
3386.504059260502
3387.4733068768564
3388.893669762543
3389.5038256579605
3393.00872125394
3397.7029209935067
3398.4911224686743
3399.520385574312
3402.6871951743938
3403.671446825597
3406.5351790870773
3409.7279956167245
3413.9920863113175
3416.8648212435883
3418.4782340479333
3420.153662753457
3422.191184157057
3423.637554315406
3424.9718958258345
3429.9821783479815
3434.9834588699714
3435.711645339217
3436.961965527988
3437.712157650297
3438.2923062295304
3440.384842173088
3443.565656948935
3446.2043329460384
3446.7314680016657
3447.5346737948794
3450.6334678236817
3452.690995103312
3455.084608574305
3458.059371085051
3463.842853843007
3465.119181118009
3466.757601268476
3469.2132310396937
3470.338519654801
3470.9146674314225
3472.2130004560327
3472.953190324713
3477.742418979258
3479.227800100586
3480.169041618865
3480.6811730337163
3481.049267489998
3481.5023837657586
3483.757962612723
3486.2095918377845
3487.5489356171634
3490.506694879546
3492.535215661983
3494.518724933592
3496.7002851065704
3497.811570478927
3499.0108784706085
3499.6220354267098
3502.8688693422378
3504.788362399499
3510.7829024719517
3512.161256644778
3515.393087157012
3519.410119609929
3519.89224353676
3521.006529966613
3522.2768565235147
3524.5134315122355
3527.642235970808
3529.4206932840398
3531.5242342336833
3532.4604750141248
3536.3304703918357
3537.021648182408
3538.1709438252847
3540.5985683499416
3543.5103175025465
3544.160484793931
3545.030708714074
3546.609114879482
3546.858178972645
3548.3515632880562
3549.5278660206923
3550.610144568279
3551.732433426481
3552.416609528396
3554.12504928987
3555.321357244233
3556.0295395520848
3556.7207174875825
3557.9200262472136
3558.4811707179215
3560.5246968664605
3562.047088866562
3562.79828229999
3563.2103884204366
3564.393693140218
3565.350939657109
3566.048119205726
3568.2826947227695
3570.8393532562222
3573.41201598032
3574.2402293446307
3576.3427710331634
3582.6303912160056
3583.377583778194
3584.1247763460906
3585.1990532207683
3589.465152843818
3590.384389809098
3590.7744903736684
3591.9497933659936
3592.4769292658198
3593.8042714776443
3594.9085561949473
3596.011840666647
3596.6440036695612
3599.1466490148982
3600.7510627706024
3601.4592454091426
3602.0614007074482
3604.231960533789
3605.710341861822
3606.222473964306
3606.9076507070713
3607.55081661731
3609.4072955352735
3613.4583407067516
3613.8974540079457
3616.164038868552
3616.881223938713
3618.7036942513837
3619.39487262769
3621.871511826485
3622.151584114466
3623.1708471975726
3623.8280168257343
3624.8062693394086
3626.6617483148557
3627.9730868455226
3630.884838593229
3635.618060778471
3636.9794123389115
3639.3560261272323
3639.6811100881973
3640.4843175407236
3640.870417264818
3643.2870414771537
3644.5503678157374
3646.745935004234
3648.685436080564
3649.460636366073
3650.2898506132924
3653.208604794819
3655.503197755053
3656.319408689278
3657.0916082553967
3657.73577473714
3658.6850200721865
3659.851321517605
3660.6715335194813
3661.4797424250823
3662.664048555272
3663.7933404771493
3664.2454573526807
3664.745586642005
3668.0254345794033
3669.1837340579773
3670.6851222608234
3671.0132070940867
3672.5846134282665
3673.3458102667587
3674.3060585858016
3674.839196458295
3675.0602536257124
3675.9494835933324
3676.1835441259605
3676.613655362451
3679.095297204539
3679.317354639372
3679.5274089700383
3680.1815781738633
3680.757727200682
3681.1088180153993
3681.4949178870256
3683.534445470003
3683.5934607365825
3685.982078671756
3689.033868245367
3689.8100690813385
3691.6735512653895
3692.461755226081
3692.926875586249
3693.6170541888328
3695.2294714627506
3696.340759064155
3697.025936393731
3698.795394363786
3699.1584883430537
3700.233766663298
3700.9329476417815
3702.0312319344825
3704.283815053321
3704.8279559201314
3705.915237402774
3707.821730994075
3710.917532566577
3712.35990605867
3712.678988685294
3713.6152311310293
3716.617008512296
3717.6402735292636
3719.264694259522
3720.492012154339
3720.8941163085938
3721.3642380827923
3722.2734736048114
3722.8836316599813
3724.715106104306
3725.5763292147667
3726.4525562188633
3727.783901143245
3728.9622064311407
3730.3695710821157
3731.4288455536644
3731.808944044429
3734.0465238695874
3734.7337019471406
3735.6589417232717
3738.5746973908026
3738.951795127466
3742.2466491442624
3743.9871003021426
3746.7238097618615
3747.0348904099405
3748.6042972934806
3750.149697973851
3750.6838364661994
3752.088200603811
3753.6356018490555
3755.6601268446348
3756.2792874110364
3757.361568085836
3758.761931265808
3759.5351318001794
3760.384352056588
3762.5379106376627
3764.002290484853
3766.3398968768406
3767.3311540300283
3768.971579609493
3770.6560166305
3771.1271388657005
3771.6112644766386
3772.4414798884013
3773.721812101
3777.343751973566
3782.0399707781703
3784.086501969525
3784.370575705575
3785.6499077857184
3786.67517392696
3790.243100166138
3791.431408676151
3791.8705226823686
3793.4509330139927
3795.7755366023093
3796.462715038144
3798.285188288423
3799.1814210273837
3801.2769652361308
3802.5703011307905
3804.1547126397713
3805.0639487990206
3806.9004258143896
3808.9549595012054
3810.571379407318
3812.076770489832
3814.1493089402757
3816.6489584011088
3819.7687690629737
3821.876316739142
3822.5154828425293
3823.2306687054243
3824.1519081236324
3826.196439495014
3826.7855926214083
3827.4547665492964
3827.9158864030187
3829.470290434277
3831.146726206296
3831.8599115981474
3832.727137037974
3834.173513044245
3835.7669272943117
3837.6604195835516
3838.9637584551137
3840.789233105758
3841.889519209166
3843.049820928474
3843.9860643924135
3846.510720946784
3847.978102572321
3850.2746998876078
3851.6620607420687
3853.2274679245265
3855.603085889384
3857.4475657203548
3860.9334726308016
3863.516144611445
3864.5014009769425
3868.0053127612728
3869.6267347177304
3870.760029656617
3873.819826014337
3874.2459369217027
3874.5720217954054
3874.92011239767
3875.3412220068085
3875.9603831685267
3876.4715162137472
3878.562060391861
3879.761372593147
3880.7436282990257
3885.9229767337624
3888.017522102293
3893.072838518406
3894.755276671423
3896.5227369891913
3899.541523256133
3901.983159248993
3902.7673635264196
3904.207738741667
3906.292281788562
3909.8562103059166
3912.0847909697313
3913.017033879372
3914.1893393498567
3915.8687769824596
3916.9570605814406
3917.526208900884
3918.3784309934513
3919.1796397965577
3920.1328882287935
3921.552258152173
3924.9101333566596
3926.204470737541
3926.831634217786
3928.5330777406616
3929.732390383355
3930.781663921595
3932.3690777642505
3933.6634152145434
3934.024509358535
3934.7747049515287
3935.3878648191926
3937.467407033115
3938.1545862130424
3939.0378165176603
3939.7289967485935
3943.1888989976374
3943.672024990609
3944.5102435910353
3945.3864721094556
3946.251697763685
3947.2169495113585
3948.448270662251
3948.621315796418
3949.147453026458
3950.096700619436
3951.5130700639684
3952.6333622899865
3953.8586819222996
3956.289315999638
3957.0095038823606
3957.8097126452003
3960.420393765109
3961.389646652777
3962.6419734069195
3963.5402077788394
3965.1516282530038
3968.5145057997047
3969.5897864119365
3970.1249260684476
3970.7870988798095
3973.2777489073733
3973.7628755241494
3974.320020939644
3975.6043561605306
3977.5388611018857
3980.485630312205
3981.2148206656975
3982.232086226654
3986.006071501302
3988.33367921845
3989.154893638841
3989.7270430306653
3991.6205374498772
3992.858860807446
3995.678597150687
3997.1909921181873
3997.798150684218
3998.9954633826646
3999.8636901407945
4001.4120945561276
4002.1892975536184
4003.024515708596
4004.439885407055
4006.2243515336395
4008.1508547861363
4009.3431662611583
4010.1903875918742
4010.952586715214
4012.8730884604615
4013.6292860293834
4015.004645374131
4015.8508664753913
4018.198479886355
4019.234750666495
4020.2650198854485
4021.4903400821613
4023.212790203998
4024.4751200966343
4025.9395028061385
4026.79272579843
4027.284854419838
4028.1470797725588
4030.7957720698473
4030.9638159935803
4031.4309380920713
4031.9810818929777
4033.734540238876
4035.001871525893
4036.610291990462
4037.1884431317153
4037.7055783239152
4041.005441032249
4042.344791208939
4044.0522376422055
4044.536364226595
4045.5606320464904
4049.4306440168875
4051.088077449031
4052.031324123479
4054.0848611767624
4054.6720147376345
4060.39951279107
4064.5545997038607
4065.478841487516
4068.5986576781347
4070.3501159127845
4070.61018395613
4071.387387303595
4073.1598510652025
4073.5499531372852
4075.006334214851
4076.6537652987336
4077.791062905737
4078.111146666426
4080.751837716578
4081.8221178137155
4082.519300273361
4083.552570696174
4084.6208502884224
4086.1952623596144
4086.587364987113
4087.673649312162
4088.437849338963
4089.880226886335
4090.2913344975527
4095.9028034559283
4097.232151478287
4098.306432732296
4098.903589074886
4101.498268418047
4103.774864514139
4105.068203171617
4106.49557693772
4108.209025630628
4109.012235969779
4109.5783842311175
4110.482621034195
4111.986014756516
4113.914519830937
4116.92030708993
4117.874557033174
4124.735354218748
4128.576360493764
4129.81468493148
4132.167301335984
4132.877487416968
4132.895492134552
4133.918760253819
4135.234104912872
4136.64647500691
4137.451686007757
4137.561714840472
4137.602725587228
4139.2071460291645
4141.402721409298
4143.869367861289
4144.817616385248
4149.35080454983
4151.157278066581
4155.891519106868
4157.281883603781
4157.687990070478
4158.452190419285
4158.567220576797
4159.762533957233
4162.911359538151
4163.682561746076
4165.35299974395
4166.940415988055
4169.809168254463
4171.7086663817045
4179.236640733161
4180.430953993928
4180.893075207571
4183.061644035947
4185.316235457007
4190.7416587644975
4191.8929608189765
4192.209043747497
4193.543393838055
4194.197565475336
4196.118069378572
4199.499956771255
4201.858575700793
4203.029883077329
4205.225459265006
4209.596606470663
4210.075732223492
4211.190024689091
4212.109265965291
4214.253828873855
4216.015291244638
4217.256617093788
4218.637979712747
4219.8783053173365
4221.256667168545
4223.859350460453
4224.629552671597
4224.753585235777
4224.782592851604
4227.4893035075165
4227.916415650911
4228.210492864981
4228.577589251914
4229.370797523755
4230.338051499255
4231.081246646272
4231.617387427155
4236.655710476506
4238.423174640385
4242.288189713289
4249.184000968324
4249.586106593382
4251.510612134339
4252.381841000651
4254.735459301681
4256.4349057687205
4256.949040841846
4256.995052930172
4257.451172762881
4258.694499417784
4259.718768526668
4260.559989547041
4261.532244999793
4267.4868096263635
4271.1437706259385
4273.370355776878
4274.076541369306
4274.55966834128
4275.226843685555
4276.393150215065
4278.010575319739
4278.517708611423
4278.753770656928
4279.526973884302
4281.772564129083
4282.271695327396
4282.618786562263
4283.245951417646
4284.105177275494
4284.214205935265
4284.723339769329
4287.434052346787
4289.874693962259
4293.0165199563735
4295.927285249793
4298.514965635145
4299.199145534088
4300.844578195687
4301.04863185196
4301.30970050074
4301.869847794327
4306.166977800332
4307.577348702888
4308.387561779187
4309.333810635522
4309.811936380743
4310.462107375078
4311.1522888945065
4313.01177795681
4314.210093133809
4315.532440941975
4316.467686938762
4319.629518625045
4321.340968825056
4326.490323461443
4330.132281629199
4332.060789029906
4332.467896144379
4333.278109323078
4334.778504107151
4336.555971809299
4336.928069720813
4338.496482430729
4339.326700898229
4342.11543476367
4343.664842512706
4345.172239217399
4345.547337934658
4346.388559327105
4347.072739392045
4347.657893396799
4349.3323340967145
4350.294587360662
4353.453418793659
4353.83551936933
4354.671739479858
4355.706011726599
4359.545022297833
4360.597299309176
4363.296009768054
4365.020463764178
4367.15702627608
4369.097537191044
4370.721964898932
4371.103065243594
4371.988298330377
4372.588456357484
4375.353184358299
4376.014358462401
4377.189667956771
4379.4062516681915
4380.97066365211
4382.6331014638345
4383.091222114654
4385.887958686139
4386.312070386963
4389.019783553873
4392.34365905584
4394.208150182116
4394.993357018701
4399.150452115923
4401.32602525663
4402.256270330557
4402.817418167459
4404.163772876708
4406.14729546921
4409.72023686786
4410.121342554955
4413.9783588765395
4414.1323994676
4415.725819354405
4417.477280900985
4418.084440903644
4422.141510092561
4423.289812727065
4424.962253508882
4427.2528572324
4431.423956651861
4432.264178127422
4433.49650296416
4434.207690434016
4435.074919039665
4439.992215328371
4440.369314743233
4440.7264088847005
4441.570631451178
4442.112774380668
4442.854970053857
4444.912512519579
4446.280873295089
4446.562947666545
4447.149102212654
4449.082612014974
4449.802801909499
4450.128887890299
4452.042392443857
4453.814859823578
4459.252293702912
4461.781960834885
4462.4931483967775
4462.77922384426
4464.918788129291
4466.5932297580775
4470.7793338853
4472.244720414402
4476.025717783119
4476.476836785619
4479.851727090377
4480.894002055469
4482.079314761579
4483.08758076461
4483.42667022498
4484.60398083324
4486.971605499082
4488.155917973288
4488.754075796237
4489.571291419785
4489.939388543719
4490.923648247619
4492.249998221234
4494.593616632515
4499.175825811299
4499.8119936941075
4500.20209664199
4501.245371964869
4504.213155196116
4506.479753402731
4507.758090794825
4511.791155289819
4511.998209942142
4514.488867368753
4514.945988031904
4516.384367717491
4517.330617501634
4520.526461145855
4522.461972106771
4523.591270240787
4531.840448185046
4533.5278937396115
4534.348110314694
4534.50815257358
4534.575170269523
4535.391385791786
4536.525685309067
4538.416184516728
4538.942323452363
4542.272202789049
4545.788131307699
4546.354280826552
4547.189501408962
4548.523853818602
4549.054994097698
4553.429149398118
4557.089116129188
4559.623785661072
4562.625578618213
4564.940190074402
4568.520135840844
4569.422374206718
4572.253122095001
4579.105932756426
4580.673346928562
4581.110462433382
4582.456818203747
4589.711735421499
4591.216133007519
4593.952856299431
4594.930114587613
4596.707584380705
4597.384763365477
4600.058470069508
4604.433626556886
4609.224893123712
4609.911074522705
4610.891333667418
4613.150931037163
4613.83511191811
4614.896392498853
4616.316768023986
4616.6268500059
4620.772946220456
4622.457391602054
4629.594278780831
4629.737316605827
4633.058194803366
4635.062724917242
4638.548646834741
4639.984026461766
4641.345386519706
4642.552705842439
4646.007619660932
4647.987143262461
4648.552292752326
4651.536082026598
4652.857431562122
4653.291546399652
4656.51539923685
4659.244121123824
4660.874552470386
4664.507513642854
4667.311255463669
4668.104465338569
4669.477828721658
4671.291308567849
4674.968281532541
4677.363915469722
4681.547022464066
4681.956130731808
4684.661846797382
4687.505599424272
4690.563408737638
4691.934771709132
4692.948039904901
4695.4046901567735
4696.351940891093
4696.768051035224
4702.086458872395
4703.631867978012
4704.676144427276
4705.3053109872835
4707.076779958337
4707.567909980062
4709.611450996646
4713.799559824876
4714.158654900609
4721.778672526026
4722.596889185937
4722.940980300382
4723.409104259108
4724.759461836903
4725.105553483852
4726.093815183361
4728.232381504966
4729.455705465463
4730.450969035102
4733.403751023967
4737.25477094239
4741.00176336192
4741.854989352506
4742.278101421508
4743.443410078285
4745.013826044176
4746.664263215465
4750.528286764924
4751.299491057364
4753.743138395122
4759.458652555559
4765.6783004053805
4766.222444578976
4766.927631423176
4767.9328977786245
4774.575657935697
4775.59392776439
4777.129334634876
4778.526704934066
4779.62999730834
4781.064377427865
4784.0981814285515
4785.198473029337
4787.869180841779
4788.486344411009
4790.72493772526
4794.5839605577485
4797.253668193326
4807.413361360559
4809.476908416847
4810.958301150338
4813.720033336213
4814.352200939163
4815.06539002453
4815.24143669945
4818.366265197115
4819.993696697573
4820.5398415055515
4821.811178599169
4822.231289992463
4822.934476444978
4824.201812488159
4824.954011941814
4825.3441153826425
4828.048832586746
4831.146654060281
4832.4710052588625
4832.947131522052
4834.152451162373
4834.528550901779
4842.195584258289
4845.294406146476
4846.515730082297
4849.254456502174
4849.716579078079
4850.494785495411
4851.794130147922
4854.2237746288965
4859.689224451985
4862.573989735755
4863.075122681442
4864.53050878595
4866.836120464275
4867.269235371552
4868.949681207096
4870.24102381687
4872.649662874556
4874.278094939427
4875.725478974987
4877.621982186201
4879.371446393176
4880.095638554999
4881.26294830015
4882.567294413162
4883.613572050816
4889.3120842572125
4890.425379703359
4890.855493848063
4894.126361898549
4894.811543742307
4896.32194460039
4899.826874832215
4900.608082175304
4903.422829264055
4904.139019358978
4906.119545049141
4911.526980407327
4912.164149544737
4912.749304876167
4913.900610497303
4921.188545223288
4921.996759790296
4922.987022690848
4927.325174444726
4929.155660446084
4930.46200729294
4934.617110546423
4935.229273091059
4938.15204917843
4939.207329394595
4941.020810949669
4944.443719903267
4946.838355820917
4948.043675911621
4948.955918174184
4951.6326290386605
4952.007728657118
4956.042800313998
4961.8073313787845
4963.110677563118
4966.505579314461
4967.116741654766
4970.141545136802
4971.449892683462
4973.56445440235
4981.575582629185
4983.877194109124
4986.762960807311
4988.538432532058
4990.700006853358
4995.142187166995
5003.492406032274
5004.993805014571
5005.522945630212
5010.747334022523
5017.288072353607
5018.559410251823
5018.653435242126
5020.723985567252
5021.206113712436
5023.405698350426
5030.057466443198
5031.293795083694
5040.6352783805105
5042.527781506268
5046.125738059374
5046.654878739986
5048.450356102838
5050.220826826459
5050.343859538103
5051.20408825491
5052.192351015965
5053.296644630897
5056.756564594281
5059.396266492164
5059.771366232998
5061.271765200438
5063.067242640097
5063.48135275843
5064.343582040233
5066.014026246629
5066.3571174828385
5067.547434019277
5068.185603727059
5069.385922929849
5070.751286028101
5082.856505468744
5086.437457920858
5086.712531085598
5091.9689292388875
5095.525875398406
5096.484130303565
5097.904508142737
5099.463922974178
5100.352159263552
5100.391169641177
5102.042608964604
5102.5507441426
5112.702444928428
5114.80700486758
5116.469447185734
5119.626287132529
5123.926431325498
5126.917227154287
5127.378349857869
5129.918025669773
5136.176691187482
5138.904417107164
5142.205295585343
5143.242571646669
5144.699959521837
5145.349132297219
5146.7935167199485
5149.645275732094
5153.047181198098
5155.678881684738
5160.041042814338
5161.057313334907
5162.147603561877
5162.976824296299
5163.722022665984
5164.896335267724
5167.258964210343
5170.025700747509
5170.361790219814
5175.112054847686
5176.7654950451615
5177.352651366306
5177.721749633396
5177.844782389174
5178.402930989071
5179.065107286094
5185.432802673874
5185.896926250223
5187.857448260136
5188.781694354095
5188.911728977888
5189.190803286026
5192.317635871014
5195.2714224028205
5195.466474341907
5195.903590739098
5197.259951919893
5200.247747547066
5200.61084423856
5205.297092202873
5206.601439565511
5207.944797321767
5211.17465750133
5212.681058696999
5214.800623204877
5218.04848823823
5219.980002689124
5220.5621577456395
5222.379641836722
5222.723733487302
5229.67958628078
5232.615368307266
5234.681918803412
5235.564153820151
5239.361165321131
5240.271407809795
5241.010604733484
5241.654776343374
5248.65664173737
5249.114763791839
5254.248131478367
5255.721524047807
5259.823617035185
5261.568081854364
5262.93644646567
5268.175842587282
5271.2586640874115
5274.598554117511
5275.5858172135795
5278.968718742807
5282.537669884787
5293.288535233603
5295.870223354995
5297.751724859606
5299.2171154580965
5299.756259167693
5301.997856676761
5302.87909157777
5304.95864590914
5307.24625571271
5308.46257995111
5308.941707674315
5311.743454559798
5313.479917473217
5314.006057735319
5314.382157999142
5318.973381992534
5322.250255619545
5324.378823117883
5326.624421830005
5327.75872425766
5328.456910409581
5330.8565502158835
5331.562738506704
5341.983517137655
5345.067339468814
5349.458510456875
5352.614352049932
5353.324541445022
5357.125555129504
5360.196374105207
5361.317673157018
5361.640759325049
5362.646027434605
5364.066406260189
5370.775195609256
5370.940239630677
5372.202576329987
5374.196108066491
5376.316673697221
5376.846815106571
5377.62502268603
5378.275196114701
5380.60581779801
5384.423836265773
5385.798202890576
5388.107819011721
5389.54820325994
5391.938841016022
5394.071409937799
5395.471783532014
5396.259993814208
5400.202045513868
5400.423104491251
5400.51112797549
5400.67517174162
5401.646430870418
5404.19211005985
5404.70124589955
5409.156434589402
5412.272265952451
5416.996526517933
5418.9910587306795
5422.853089285089
5423.34322007534
5425.515799829805
5427.18624559684
5427.915440188175
5432.6216961190785
5435.661507362638
5437.402972122089
5438.898371217439
5441.48206077012
5442.1132292229695
5444.630901174666
5444.722925735748
5448.666978409769
5450.992599138231
5453.165179029818
5453.733330679105
5458.886706235504
5460.484132638109
5463.252871713965
5465.723531236231
5472.279281306193
5474.960997223065
5476.386377752365
5480.597502009236
5485.669856243678
5490.153053230384
5494.169125535328
5494.730275367073
5495.856576100976
5497.398987945365
5500.782891510767
5501.174996211666
5502.80943264711
5505.830239293525
5507.641723023859
5509.068103923144
5510.088376378376
5511.52375968934
5516.40506324735
5520.522162764047
5526.116656894141
5526.464749862101
5528.830381677155
5529.762630666365
5538.668009248881
5539.094123066044
5540.14640413733
5540.800578872957
5541.448752006409
5543.120198470438
5544.4295482181315
5549.715960338323
5552.913814586418
5554.165148863338
5555.612535517134
5558.588330482765
5559.885677066937
5560.245773266726
5561.435090995193
5565.746242752574
5569.544257453956
5572.738110767317
5574.012451243466
5574.900688563241
5577.75245050988
5579.248850331564
5580.907293454928
5581.626485619381
5582.303666559639
5585.312470512585
5588.57734290843
5590.301803704903
5595.166103537099
5596.616491117381
5597.399700412546
5599.014131837242
5601.208718305486
5603.158239292235
5604.407573166269
5606.071017712915
5607.942517868125
5608.288610361539
5611.130369832694
5611.661511784264
5611.788545735102
5612.237665766285
5613.626036822982
5616.8779059345125
5621.535150691775
5631.859910382302
5634.435598868227
5634.858711968367
5641.311436857228
5643.299968431937
5647.235020374385
5648.018229750484
5650.558908961126
5652.271366767106
5659.495298067039
5660.700620317075
5666.19308879769
5666.752238296716
5667.200358110338
5668.700759274928
5676.560860915453
5678.628413759761
5680.58093585367
5683.47671018199
5686.769590716327
5693.289334194333
5702.039674298299
5702.498797085658
5704.233260952708
5708.686451946108
5718.757145466432
5721.209801486544
5721.769951313317
5725.84104025104
5726.051096437879
5726.976343928542
5734.565373949013
5737.620191125555
5741.109124451773
5742.762566773013
5743.421743114267
5750.335592740228
5750.982765879704
5754.621739436055
5762.147752994732
5764.392353550421
5765.127550258552
5769.377687438774
5769.780795297352
5773.360753191216
5773.716848473392
5775.547338270332
5779.002262745638
5783.261402444976
5783.892571341757
5791.2505403419655
5794.036285836522
5797.675259685464
5798.02535337755
5798.926594568791
5800.0859048269795
5802.437534184881
5803.690869614575
5805.750420817756
5809.291368509208
5814.583785002678
5817.034440927957
5824.407414391946
5832.44356547562
5833.986978623431
5835.880485491784
5840.5687405074195
5842.25919304036
5845.427041084839
5847.538606368563
5854.302417151097
5855.096629780138
5855.742802776384
5861.292288539473
5861.939461810652
5865.343373170382
5868.4372015266235
5870.00062013016
5871.477015437276
5872.17920345055
5872.809372181151
5884.255437039866
5887.33226094571
5888.162483263846
5890.224035314461
5891.585399870155
5893.083801126232
5896.331670884997
5896.914827052438
5901.479049357677
5905.795205263666
5907.206583250593
5910.57248470038
5912.867099251223
5913.722328303668
5916.31002136243
5918.3675724421255
5920.5841661268005
5924.4431997369575
5927.044896594305
5927.8741187016
5928.77235929684
5930.447808072271
5931.122988923428
5931.5771105630165
5936.0533095623605
5936.10532349507
5938.0308392764155
5938.807047198369
5939.3081814371835
5940.470492787141
5944.314522509065
5946.294052786784
5950.447165346547
5950.908288876779
5957.210977337903
5961.324079254985
5963.7077178546715
5971.3907762846675
5973.244272884634
5975.318828718915
5976.719203924515
5983.557036046725
5987.924206222749
5988.947480411942
5990.702950799197
5992.66647694209
5995.788313476828
5998.28998384196
6000.6616193715545
6002.424091669046
6002.86520987824
6006.828271898972
6007.403426030826
6008.735783082693
6011.824610853751
6013.1979789059305
6015.34555444599
6017.0880214244025
6022.702526136462
6024.892112969286
6026.8086266219425
6032.115048848879
6033.794498984478
6034.542699522828
6035.083844565164
6036.863321519176
6039.368993124118
6040.352256674845
6044.262304726643
6044.903476589106
6046.105798866514
6050.726037323471
6054.3970213567
6055.056198055956
6057.269791438041
6061.050805005253
6063.214385001168
6067.458522758625
6070.700391849726
6074.784486751199
6078.7875599571835
6079.554765644473
6080.103912871017
6080.905127677809
6087.058777513425
6088.947283846809
6089.715489814529
6092.446221972892
6099.808195908429
6100.771454189128
6102.849011254285
6103.414162792189
6104.2833958665
6105.2496549585385
6105.330676683711
6106.257925316995
6107.335214183874
6109.223720576955
6114.529143227747
6116.612701946588
6117.859036161829
6121.392983833318
6122.25021371294
6123.101441984257
6123.908658454092
6125.074971223923
6126.175266291719
6127.434604012504
6129.076044206633
6131.241624968765
6139.62487324307
6140.369072832562
6147.130886345619
6152.3852956219835
6153.695647075682
6155.771203772925
6156.219323966725
6157.284609696512
6158.791013745502
6163.058158301259
6163.875377503182
6166.184997015643
6171.5294305912275
6173.9880901094075
6174.8143117396
6180.140740554381
6182.4153507315705
6184.331864853427
6186.489443649555
6189.837341776672
6193.618356114126
6195.569879660079
6199.93705128563
6205.20846553904
6207.577101027144
6208.937466007152
6210.403859437174
6214.225884892742
6217.664807579513
6221.731898830576
6223.040249882538
6226.249110882926
6228.091605267108
6234.698378058776
6236.579882933513
6242.679519718418
6244.857104067404
6250.1285186658215
6252.214078342456
6259.153940755021
6260.337258322307
6262.795918159976
6263.150013190197
6267.9062896728
6273.278731559729
6275.851422047757
6275.899434934092
6278.974260203303
6280.902777815551
6287.016418745567
6288.993949535432
6292.931006298877
6294.98255697363
6298.617532683929
6302.6586174248805
6304.993244114846
6309.40642877837
6310.884825641355
6312.555274062599
6317.521607266048
6318.928985080388
6323.568230517672
6326.198936762056
6328.1164515477385
6329.0266959183045
6333.163806610355
6339.372473498269
6341.421023499648
6344.612880471272
6350.492459097292
6357.667385579101
6370.899938728893
6371.338056374462
6373.7046918798915
6378.693031408246
6381.436768203405
6386.484123632059
6389.160842458258
6400.999021686654
6408.216960207604
6413.671425158448
6415.386885902082
6418.088611547602
6433.347710107147
6439.540373529615
6440.850725512036
6443.730499075151
6445.671020342944
6448.552794461514
6451.788663711983
6452.737918712608
6459.066618836158
6464.381046528467
6468.347112014249
6484.891556906473
6489.233723547047
6490.676111088801
6492.530609360657
6494.991270504808
6495.571426385442
6503.788634292268
6505.308042556088
6508.783976547796
6510.848531305759
6514.163422047543
6515.639818773434
6523.8450236623075
6533.145522978575
6539.420209231162
6539.921343907674
6547.526387749308
6553.514997227444
6555.970657214973
6560.6869247881905
6571.446816785315
6577.938561676756
6579.030855275246
6579.472974113141
6582.046665904979
6585.724654538677
6586.431844631399
6590.358900235102
6593.304692084563
6595.28322393365
6595.760352191191
6597.921933252373
6601.304842633828
6606.677286863119
6607.240438252407
6615.200578179297
6618.885568842128
6619.342691734929
6619.993866797093
6621.774345464271
6640.073265197848
6640.745445923716
6641.553663225764
6645.624757815853
6646.497992603935
6648.375497414798
6650.331023207823
6650.79414773133
6660.515761707219
6662.47928967976
6664.107727553423
6665.860198782099
6668.200828168445
6670.657488762003
6675.421769892382
6676.5400706108285
6679.125765926916
6680.550148959279
6685.212402707324
6686.205669814583
6689.36651983116
6694.573920231665
6696.344396364184
6697.9888386057455
6699.561261481966
6700.699567611687
6705.901966734859
6713.10490392992
6715.823635134878
6719.239553860897
6721.055042149667
6729.315263843489
6729.975441410144
6730.616613865503
6735.606956127523
6744.745414188963
6754.696090827378
6756.164485821189
6758.318065131862
6758.974241643713
6760.068536010579
6767.53654495202
6768.427784705266
6774.043295359312
6780.182947054832
6781.996434929195
6782.284512429701
6789.609483072275
6790.713780167301
6793.109424685109
6810.979232528504
6811.388342602993
6820.141697809991
6825.391110274237
6826.560424906855
6829.124114735285
6830.919597861637
6836.810182917246
6853.750741538839
6855.414189180995
6856.000346919703
6863.193282613341
6865.413880210287
6868.260646326445
6868.6577531957555
6870.345207324884
6873.185971840704
6876.649904076979
6881.488206213892
6884.710073331747
6888.308041684559
6888.470085297096
6889.000227980289
6890.070516039705
6891.203821060937
6911.755352596397
6913.1327233375105
6918.036043159515
6939.579842377403
6944.4531542546365
6945.5254429139695
6947.405949147719
6950.121680231013
6953.377556733036
6956.574417358108
6967.351318678055
6991.582842632269
6994.09851997228
6994.9657534742555
7002.7338450605575
7004.814405268987
7020.502629594104
7032.20077968084
7038.223401509375
7047.739964291595
7055.564071366542
7060.435383267554
7061.98780135665
7062.59996622232
7066.398989367374
7069.1657345102185
7070.679142105938
7074.344129180988
7077.283920951669
7086.1223014322995
7088.653983315307
7091.2936943013865
7102.471705087178
7109.455586248687
7111.8202231921
7116.359445901164
7124.007506067094
7126.524183999285
7127.764518117497
7132.149699398625
7134.066215675874
7144.299972535952
7149.011241732206
7150.529650789668
7152.255115630292
7156.734322342504
7156.925373812778
7158.9139095367955
7160.803418585796
7161.920719597268
7164.544426453269
7170.871130964427
7175.349337484174
7193.1151241289335
7202.029526049228
7208.469261233599
7208.972396804885
7209.992671721514
7214.676933924354
7220.043379970109
7221.140675651254
7231.922581038888
7232.854832256449
7235.573564888931
7244.087859327447
7246.6925612574105
7248.123946997996
7257.353434273273
7258.985874211045
7260.177195270062
7272.663560399851
7274.940173971933
7286.910400152741
7287.4475449253905
7290.988499298896
7298.275463347727
7300.1539696673335
7307.416927303555
7310.654800044982
7313.724627499592
7317.081532343609
7318.015784170223
7326.825158765024
7330.304096542091
7331.5104217196595
7337.598062725985
7343.173565706357
7344.598949949411
7352.80516214449
7355.3418459843
7374.148916168504
7378.9091995371045
7386.014115052057
7395.00653950791
7404.291042782175
7413.777600608064
7414.35175541772
7419.833233405144
7420.593438383463
7423.8713222230635
7424.3044390081495
7427.285242752636
7430.986240700597
7432.299594839971
7437.377964210185
7438.298212355171
7449.852327982265
7457.261325914175
7463.929124010104
7473.2376342834405
7483.414378777876
7485.68599140443
7486.301157307973
7490.035164335511
7491.67660702112
7505.933452083037
7512.488219954014
7513.417470582769
7513.858589557477
7516.720361413013
7525.205650039199
7527.580290530175
7551.391713221588
7567.9341755058995
7569.824685479362
7571.595163076068
7587.831543047558
7591.419510975245
7600.296905876389
7609.917501342633
7620.427336790592
7627.804327078443
7629.274723791586
7630.960178529408
7632.410569848538
7637.206863911717
7649.48417646842
7654.426509997365
7655.934916995874
7656.806152073371
7660.432130444475
7662.998823002199
7672.151292606855
7680.239475087367
7687.422413341205
7700.042818940678
7706.930677669393
7712.391151234577
7716.060141361676
7726.331913391765
7733.86594664043
7784.457601129842
7791.077387919298
7800.5039323522615
7816.480244855237
7819.9211736922025
7836.612679478627
7842.614299632512
7843.948659850111
7849.698211986206
7864.07309269615
7868.13318880436
7870.364791277119
7888.4526746454885
7893.245968776769
7902.493465532711
7918.627821828081
7939.916570082454
7943.910648572155
7950.361390437775
7981.167709312273
7990.170140427698
8008.3580522523
8016.990383573362
8024.407386710928
8024.536421560162
8034.640150369452
8039.440446853709
8048.342851291512
8055.521790277761
8064.847309090596
8069.044442749966
8070.960960411286
8077.872827361508
8081.901915664183
8087.442412232124
8095.848682923713
8105.920403542787
8117.5425430465975
8124.956545844699
8131.640351418488
8140.712802308762
8145.377062361691
8161.970545210056
8172.032263537212
8181.088710327451
8189.161891509575
8204.402009135036
8205.456293990368
8233.668916954965
8254.66158941749
8257.011224332146
8261.78151336213
8266.1957061795
8266.792867547243
8277.900869241477
8323.142095432131
8332.739689280163
8334.500165072486
8361.023333529824
8369.692676692835
8371.640203079
8410.518711781113
8419.040015167018
8420.31135882623
8423.539231362325
8426.962156630001
8447.807791654672
8448.832068544943
8466.561861487258
8474.153913919343
8480.687680279832
8492.632909653097
8512.962405875454
8518.894009567895
8523.782331208451
8557.294392102593
8575.475308053285
8608.144141834742
8618.5889662728
8622.838115322827
8623.69034578313
8631.512461058204
8633.727059941
8638.113246082565
8640.73495506719
8641.814246939408
8647.683834258556
8650.771669312318
8651.524873004493
8658.253692721468
8664.516386401638
8667.86529208637
8669.826822569212
8670.323957016219
8670.497003815706
8680.813793958188
8684.604819242131
8688.478866986965
8689.005009283903
8690.2343417615
8693.722285093025
8700.985249417143
8703.510932513569
8706.09263076314
8707.25094404318
8709.75062011352
8711.626127371219
8712.806446606292
8715.246106451143
8716.047323153603
8722.023939639534
8724.05448884296
8724.853705007825
8726.114045894232
8726.772223913002
8733.21896758839
8734.822401278407
8736.421833887487
8742.181391723483
8750.433623802395
8751.571931696628
8753.609482823473
8760.648386756424
8762.854983617464
8764.12632750357
8769.152687092474
8774.289076456214
8774.79321282289
8775.214326732448
8775.941523436328
8777.983075669645
8785.128008366863
8786.554394205776
8786.974507847157
8787.002515423252
8792.790080977335
8794.472536089588
8800.58819041518
8807.007927016415
8808.316280941312
8812.673459614549
8814.931070331048
8818.594061228492
8820.164486055412
8824.181572751791
8832.117719649174
8843.610828833947
8850.419670832205
8850.735756343456
8851.745029384438
8852.400206631317
8855.221970012948
8857.339542889898
8861.451655365057
8863.409184950411
8869.149737996226
8871.26831115766
8877.669042832395
8884.33884732335
8891.634821245907
8895.427847457284
8895.981997384295
8913.302683622427
8915.220202429675
8919.958484434841
8930.180250104593
8930.544348618427
8944.116020737807
8950.877850333449
8951.579040060466
8958.305860206188
8960.44543913864
8964.650576981083
8964.667581582273
8965.355767795125
8969.464879663554
8970.102052074215
8972.329654836332
8982.167316814408
8983.204597495273
8987.747826866937
8989.875402579848
8992.946233537192
8993.3623461363
8997.658508672486
9000.346235972325
9012.356485989214
9015.000201396775
9019.065301446866
9020.065572129612
9034.298423722576
9040.37406789749
9041.172283909831
9042.604671541703
9047.836087271948
9049.19645541793
9050.733871478009
9055.970288580489
9058.566991316204
9065.050746002811
9066.448124175111
9068.59970645926
9069.737014250442
9072.07164607686
9074.768375901602
9077.911226465454
9078.686436264648
9092.941294180102
9093.313394886114
9103.581173800216
9114.032002302421
9120.640790986188
9122.140196806418
9125.470098061065
9128.834008525306
9131.688781191902
9134.77961775497
9137.199272659464
9138.445609994464
9143.064860251472
9157.809851225822
9158.701092457883
9168.410720582531
9170.311235003277
9173.339054559901
9181.298208926573
9190.086587776916
9196.1162199047
9197.203514220007
9202.209869376458
9206.488027427547
9210.552127542545
9211.108278087986
9218.449265245697
9223.963757997935
9227.0295879119
9230.044404020337
9235.02975355893
9235.806963951409
9236.3911220844
9241.861602963383
9246.297803868096
9247.793208684476
9253.11664978411
9262.866289122469
9266.225198426477
9268.749881896856
9270.232283206746
9272.69394962144
9273.72522880688
9292.111206287476
9294.129752759904
9297.524671855508
9302.565036425916
9310.450171177314
9312.998861192387
9320.285834032491
9322.628468270592
9338.723825941204
9343.268056268673
9356.784715884787
9358.558196057373
9363.556549376224
9381.107301372147
9385.846584588953
9391.507117256477
9393.161565223525
9401.667868451934
9411.930647314079
9416.258819269522
9416.67193112976
9420.040843348415
9423.204700047088
9434.187674010649
9434.869858733786
9439.4010857117
9453.053782673827
9457.796066835783
9461.220994276408
9473.280259856612
9477.478396701119
9489.528659918256
9498.102981882406
9499.794439939986
9502.906282649577
9508.000662252452
9510.260274178405
9513.555166472288
9539.02306360288
9550.6492122382
9556.604825178185
9563.867792202607
9568.182960886066
9569.904427115216
9570.453575842814
9579.975154618309
9585.441635146934
9585.708707480453
9589.656776773405
9592.973675124793
9598.023042707273
9611.121590391976
9611.571712306653
9621.856497941724
9623.633979376624
9627.838118081754
9630.311788086605
9632.21030230938
9633.385620651326
9635.28613541808
9645.122799763323
9645.964027618757
9659.089582846773
9666.29453442832
9667.34882000075
9677.44455463431
9678.757910385912
9679.490108718375
9688.333504166952
9697.690038642018
9704.236812034387
9704.9330006191
9718.806758801331
9721.157395558483
9738.883197311883
9746.234188658796
9749.135974743382
9756.266906502511
9759.895889595602
9772.214226672591
9782.134914256887
9792.195639813184
9798.886452443956
9799.931735626562
9803.050580569814
9815.387922979065
9817.649535696513
9821.870679295893
9829.143649715626
9834.365064331461
9836.119539666148
9836.703697930603
9841.546009849873
9843.615570554832
9848.383862431087
9858.444588214938
9867.30298827719
9868.15421890787
9870.596880718997
9871.627159861884
9874.701992956465
9875.337165050243
9876.522486201988
9898.761511746296
9901.068136723366
9905.071221358203
9910.188607920638
9912.792313401304
9913.554519923538
9913.830594726915
9914.916889062184
9918.838951762114
9930.046988656446
9937.44199240603
9937.923122773696
9941.561108529184
9945.790254472018
9955.098776759483
9966.222791019625
9973.19668074633
9977.42382619079
9987.787634532913
9990.373335200862
9992.676959434133
9995.38769398785
9996.603023318057
10001.250282637802
10001.701404883803
10014.134774128695
10035.9706914343
10039.86174588543
10041.842282600197
10042.112355788671
10048.063968651677
10050.784705964235
10058.95692062674
10082.3032475758
10083.983702992644
10085.63415027791
10086.544396962876
10089.16510720017
10091.895847258878
10105.339490658893
10107.840168380904
10114.642011794644
10120.763670879327
10134.137295423461
10136.337891838428
10140.158927435245
10143.20975428935
10144.17001454566
10147.040792605292
10177.78912640641
10181.31008071832
10183.380641920552
10187.3217101062
10191.202762029683
10214.32903028712
10217.229816541912
10221.23090103545
10226.45231630677
10238.825670152972
10244.577229151284
10250.358796293483
10253.4896449404
10258.39097349896
10260.171456119966
10260.971673028589
10273.99520324324
10274.86543913495
10285.928437961831
10291.810032289592
10303.983332146643
10306.89412119041
10311.36533323156
10317.717055045065
10319.717597350978
10337.75248629158
10346.654899613884
10347.115024348026
10349.365634461545
10351.876315078802
10360.998788093928
10372.361868549917
10380.324027060613
10380.984206033423
10390.33674149502
10405.90096099252
10415.843656517467
10432.528179855852
10439.720129688503
10442.360845625157
10453.303812444225
10462.586329114223
10486.232740223119
10495.12515120924
10497.715853626652
10501.366843523081
10505.45795275388
10515.08056176977
10521.062183603346
10528.71425837138
10530.664787236396
10532.865383905873
10536.26630603405
10539.747249862647
10543.098158436413
10543.838359136706
10548.179536219817
10557.722123651021
10559.342563028602
10568.194963344666
10579.247960379373
10587.920311922093
10589.990873366098
10594.242026092921
10599.803534138198
10604.234735698225
10608.35585318091
10616.288004076687
10617.908443479919
10625.45048861285
10649.426990283519
10667.15179678988
10681.285629577067
10703.281594507429
10706.572486952198
10726.85798816345
10728.348392349362
10729.858801961182
10735.180245101568
10744.752841145113
10747.303532884851
10755.415732899643
10757.276237467691
10775.38114755807
10779.93238187577
10782.042954275448
10788.8648044092
10789.314926485895
10806.869687517095
10807.479853001638
10810.300618029774
10815.231955477422
10823.044074245823
10837.13789674916
10856.423127338545
10865.475582600633
10872.937606511608
10877.548857219557
10893.263119433173
10904.166076701978
10914.308827802233
10916.559438256907
10926.712192101244
10944.61704869615
10951.148820423163
10965.882817021613
10986.638447078147
10993.220232438274
