3.734597699999999804e+03
3.736902599999999893e+03
3.745659099999999853e+03
3.758467099999999846e+03
3.765269999999999982e+03
3.766118599999999788e+03
3.803074999999999818e+03
3.809835000000000036e+03
3.824553300000000036e+03
3.850581299999999828e+03
3.856354400000000169e+03
3.859839599999999791e+03
3.868528400000000147e+03
3.878661999999999807e+03
3.886256400000000212e+03
3.891401699999999892e+03
3.895419199999999819e+03
3.914767499999999927e+03
3.922925000000000182e+03
3.925093400000000202e+03
3.925718800000000101e+03
3.928623300000000199e+03
3.930330300000000079e+03
3.931256600000000162e+03
3.932546600000000126e+03
3.944253400000000056e+03
3.946145500000000084e+03
3.947504600000000210e+03
3.948030499999999847e+03
3.948978900000000067e+03
3.950395100000000184e+03
3.952760800000000017e+03
3.956690799999999854e+03
3.967392100000000028e+03
3.968467299999999796e+03
3.974476599999999962e+03
3.979355900000000020e+03
3.992053499999999985e+03
3.994791799999999967e+03
4.012495199999999841e+03
4.013856600000000071e+03
4.019128900000000158e+03
4.031358099999999922e+03
4.033081999999999880e+03
4.035460000000000036e+03
4.036047900000000027e+03
4.038804299999999785e+03
4.042893700000000081e+03
4.044417899999999918e+03
4.052920799999999872e+03
4.054525799999999890e+03
4.070783500000000004e+03
4.072004699999999957e+03
4.076628400000000056e+03
4.079573800000000119e+03
4.082387200000000121e+03
4.086520500000000084e+03
4.094746999999999844e+03
4.097747800000000097e+03
4.100341400000000249e+03
4.103912099999999555e+03
4.108419799999999668e+03
4.112754500000000007e+03
4.128640000000000327e+03
4.131002099999999700e+03
4.131723500000000058e+03
4.134068100000000413e+03
4.142701000000000022e+03
4.156086000000000240e+03
4.158590500000000247e+03
4.164179500000000189e+03
4.165766099999999824e+03
4.170533300000000054e+03
4.181883600000000115e+03
4.182934199999999691e+03
4.198317000000000007e+03
4.199889100000000326e+03
4.200674500000000080e+03
4.201971499999999651e+03
4.208890699999999924e+03
4.210923200000000179e+03
4.217430800000000090e+03
4.218664899999999761e+03
4.222637300000000323e+03
4.226987600000000384e+03
4.228158000000000357e+03
4.229864400000000387e+03
4.235463600000000042e+03
4.237219799999999850e+03
4.250314599999999700e+03
4.251184599999999591e+03
4.257496299999999792e+03
4.259361899999999878e+03
4.272168899999999667e+03
4.275159599999999955e+03
4.277528199999999742e+03
4.297939199999999801e+03
4.300100800000000163e+03
4.300649500000000444e+03
4.312997500000000400e+03
4.320126400000000103e+03
4.328915399999999863e+03
4.331199499999999716e+03
4.332029700000000048e+03
4.333561200000000099e+03
4.335337900000000445e+03
4.337070800000000418e+03
4.345167999999999665e+03
4.348064000000000306e+03
4.352204899999999725e+03
4.353448699999999917e+03
4.362066200000000208e+03
4.363794499999999971e+03
4.365930099999999584e+03
4.367831600000000435e+03
4.370753200000000106e+03
4.371328999999999724e+03
4.372489999999999782e+03
4.374123899999999594e+03
4.374785100000000057e+03
4.375954200000000128e+03
4.378176800000000185e+03
4.379666799999999967e+03
4.381860099999999875e+03
4.385056599999999889e+03
4.391110499999999774e+03
4.400096800000000258e+03
4.400986299999999574e+03
4.402927099999999882e+03
4.408882800000000316e+03
4.414486299999999574e+03
4.426001100000000406e+03
4.430189000000000306e+03
4.430996299999999792e+03
4.433837999999999738e+03
4.439461400000000140e+03
4.445901200000000244e+03
4.448879200000000310e+03
4.449520599999999831e+03
4.452565499999999702e+03
4.458001500000000306e+03
4.460557399999999689e+03
4.474759399999999914e+03
4.478595800000000054e+03
4.481810699999999997e+03
4.486897299999999632e+03
4.488680800000000090e+03
4.490981600000000071e+03
4.493333700000000135e+03
4.498538400000000365e+03
4.499983199999999670e+03
4.502926800000000185e+03
4.505216699999999946e+03
4.506472999999999956e+03
4.515118199999999888e+03
4.519259200000000419e+03
4.521193900000000212e+03
4.522323000000000320e+03
4.534119800000000396e+03
4.535490300000000389e+03
4.537642600000000130e+03
4.540998999999999796e+03
4.543869200000000092e+03
4.545051900000000387e+03
4.545915600000000268e+03
4.547758899999999812e+03
4.555812700000000405e+03
4.564405399999999645e+03
4.567240300000000389e+03
4.570972200000000157e+03
4.579349500000000262e+03
4.588426099999999678e+03
4.589897799999999734e+03
4.592666000000000167e+03
4.595420600000000377e+03
4.596096700000000055e+03
4.598762700000000223e+03
4.609567299999999705e+03
4.621162900000000263e+03
4.628440899999999601e+03
4.631761700000000019e+03
4.633765699999999924e+03
4.637232799999999770e+03
4.638684900000000198e+03
4.651555199999999786e+03
4.651989499999999680e+03
4.657901200000000244e+03
4.663202599999999620e+03
4.666005000000000109e+03
4.669984199999999873e+03
4.673660899999999856e+03
4.676055500000000393e+03
4.683351700000000164e+03
4.686194599999999809e+03
4.690621900000000096e+03
4.694091400000000249e+03
4.695038099999999758e+03
4.702316100000000006e+03
4.703989800000000287e+03
4.712481399999999667e+03
4.721591000000000349e+03
4.723438199999999597e+03
4.726868300000000090e+03
4.729128200000000106e+03
4.730659300000000258e+03
4.732053200000000288e+03
4.735905800000000454e+03
4.739676400000000285e+03
4.743686999999999898e+03
4.749200200000000223e+03
4.749971300000000156e+03
4.752414099999999962e+03
4.757219600000000355e+03
4.764864599999999882e+03
4.766600599999999758e+03
4.778293999999999869e+03
4.792081900000000132e+03
4.795913099999999758e+03
4.800172400000000380e+03
4.806020499999999629e+03
4.808133700000000317e+03
4.809613999999999578e+03
4.812375500000000102e+03
4.813006900000000314e+03
4.818647700000000441e+03
4.819193000000000211e+03
4.820884699999999611e+03
4.821587800000000243e+03
4.822854800000000068e+03
4.826700399999999718e+03
4.831121299999999792e+03
4.832802499999999782e+03
4.840849199999999655e+03
4.843941300000000410e+03
4.847809500000000298e+03
4.849139900000000125e+03
4.849861700000000383e+03
4.850439699999999903e+03
4.852868499999999585e+03
4.861216699999999946e+03
4.861717300000000250e+03
4.863172400000000380e+03
4.865910499999999956e+03
4.868881400000000212e+03
4.871288999999999760e+03
4.872916900000000169e+03
4.878009399999999914e+03
4.878733000000000175e+03
4.879863500000000386e+03
4.882243199999999888e+03
4.889042199999999866e+03
4.892759200000000419e+03
4.894955100000000130e+03
4.902054500000000189e+03
4.904751599999999598e+03
4.910157599999999547e+03
4.911378700000000208e+03
4.912529300000000148e+03
4.919815700000000106e+03
4.922944199999999910e+03
4.927780300000000352e+03
4.933209100000000035e+03
4.936774599999999737e+03
4.937829499999999825e+03
4.939642200000000230e+03
4.945458700000000135e+03
4.946663700000000063e+03
4.947575200000000223e+03
4.950626400000000103e+03
4.961725999999999658e+03
4.965079499999999825e+03
4.968755600000000413e+03
4.970078499999999622e+03
4.972159700000000157e+03
4.980185900000000402e+03
4.982487500000000182e+03
4.985372500000000400e+03
4.989308600000000297e+03
4.990032400000000052e+03
4.992637200000000121e+03
5.002097200000000157e+03
5.003598100000000159e+03
5.009334399999999732e+03
5.015889299999999821e+03
5.017162800000000061e+03
5.019806199999999990e+03
5.028655600000000049e+03
5.029891599999999926e+03
5.039230300000000170e+03
5.044719500000000153e+03
5.050784200000000055e+03
5.055347300000000359e+03
5.062037099999999555e+03
5.063515699999999924e+03
5.063998800000000301e+03
5.066135500000000320e+03
5.067973699999999553e+03
5.081446200000000317e+03
5.090545500000000175e+03
5.096484800000000178e+03
5.100621100000000297e+03
5.115044799999999668e+03
5.118202299999999923e+03
5.128489700000000084e+03
5.134746000000000095e+03
5.137473299999999654e+03
5.139448699999999917e+03
5.141782699999999750e+03
5.143916500000000269e+03
5.145308299999999690e+03
5.148211500000000342e+03
5.154243000000000393e+03
5.158604099999999562e+03
5.163458400000000438e+03
5.165772799999999734e+03
5.168922499999999673e+03
5.176229199999999764e+03
5.176961000000000240e+03
5.187746199999999590e+03
5.193825600000000122e+03
5.195813600000000406e+03
5.199163700000000063e+03
5.211230499999999665e+03
5.213349199999999655e+03
5.219109900000000380e+03
5.221270999999999731e+03
5.231159700000000157e+03
5.238813699999999699e+03
5.239551999999999680e+03
5.240196799999999712e+03
5.245378099999999904e+03
5.247654700000000048e+03
5.258360200000000077e+03
5.260104099999999562e+03
5.264782400000000052e+03
5.266710299999999734e+03
5.274118800000000192e+03
5.281068699999999808e+03
5.281628499999999804e+03
5.286886999999999716e+03
5.310266499999999724e+03
5.312001800000000003e+03
5.315227799999999661e+03
5.317494399999999587e+03
5.326975599999999758e+03
5.343581199999999626e+03
5.360150099999999838e+03
5.361155600000000049e+03
5.362575100000000020e+03
5.370709600000000137e+03
5.372702699999999822e+03
5.374821899999999914e+03
5.375352600000000166e+03
5.386610700000000179e+03
5.402604800000000068e+03
5.407343899999999849e+03
5.417485800000000381e+03
5.421351700000000164e+03
5.425678299999999581e+03
5.431112000000000080e+03
5.439989099999999780e+03
5.443118699999999990e+03
5.451652000000000044e+03
5.464205500000000029e+03
5.470759100000000217e+03
5.476485599999999977e+03
5.490119399999999587e+03
5.492643500000000131e+03
5.494330600000000231e+03
5.495873800000000301e+03
5.498184100000000399e+03
5.499255400000000009e+03
5.504301800000000185e+03
5.506112799999999879e+03
5.509993800000000192e+03
5.514873099999999795e+03
5.524957000000000335e+03
5.538608699999999772e+03
5.539261800000000221e+03
5.539910600000000159e+03
5.542890000000000327e+03
5.545049500000000080e+03
5.548175799999999981e+03
5.551371900000000096e+03
5.557045399999999972e+03
5.558702000000000226e+03
5.571191300000000410e+03
5.572464899999999943e+03
5.573353500000000167e+03
5.577684500000000298e+03
5.579358299999999872e+03
5.587026300000000447e+03
5.588750600000000304e+03
5.595063500000000204e+03
5.597475599999999758e+03
5.601603199999999561e+03
5.606733000000000175e+03
5.612067900000000009e+03
5.625678200000000288e+03
5.639746100000000297e+03
5.650704300000000330e+03
5.654518500000000131e+03
5.659127199999999903e+03
5.665179900000000089e+03
5.667128099999999904e+03
5.677052899999999681e+03
5.681900099999999838e+03
5.685192100000000210e+03
5.691661199999999553e+03
5.707103299999999763e+03
5.720182799999999588e+03
5.725388500000000022e+03
5.732975000000000364e+03
5.739519599999999627e+03
5.741828999999999724e+03
5.748741200000000390e+03
5.753026499999999942e+03
5.760550799999999981e+03
5.763529000000000451e+03
5.773946299999999610e+03
5.789645099999999729e+03
5.792430400000000191e+03
5.796068299999999908e+03
5.800829700000000230e+03
5.802079800000000432e+03
5.804141200000000026e+03
5.815421900000000278e+03
5.832370499999999993e+03
5.834263299999999617e+03
5.838950200000000223e+03
5.852680599999999686e+03
5.853474500000000262e+03
5.854120700000000397e+03
5.860310300000000097e+03
5.863718399999999747e+03
5.882624200000000201e+03
5.885701600000000326e+03
5.888584100000000035e+03
5.889953099999999722e+03
5.891451000000000022e+03
5.895928100000000086e+03
5.899844100000000253e+03
5.905570700000000215e+03
5.912085299999999734e+03
5.914670900000000074e+03
5.918944199999999910e+03
5.928813000000000102e+03
5.936386099999999715e+03
5.944647200000000339e+03
5.968319900000000416e+03
5.971600800000000163e+03
5.973664899999999761e+03
5.975064800000000105e+03
5.987301599999999780e+03
5.989044700000000375e+03
5.991007099999999809e+03
5.994128700000000208e+03
5.996629700000000412e+03
5.998998700000000099e+03
6.005164999999999964e+03
6.005724199999999655e+03
6.007072199999999611e+03
6.010160600000000159e+03
6.013677700000000186e+03
6.021035700000000361e+03
6.025149999999999636e+03
6.030444999999999709e+03
6.032127400000000307e+03
6.037697500000000218e+03
6.038680500000000393e+03
6.043223299999999654e+03
6.044432700000000295e+03
6.046897700000000441e+03
6.049051000000000386e+03
6.052722899999999754e+03
6.053380799999999908e+03
6.059372500000000400e+03
6.064750799999999799e+03
6.069020700000000033e+03
6.073103600000000370e+03
6.077105700000000070e+03
6.077872800000000097e+03
6.078421199999999772e+03
6.079222700000000259e+03
6.088030499999999847e+03
6.090784800000000359e+03
6.098803100000000086e+03
6.101161500000000160e+03
6.105635100000000421e+03
6.107533699999999953e+03
6.112837499999999636e+03
6.113465699999999742e+03
6.114923399999999674e+03
6.123361899999999878e+03
6.127416000000000167e+03
6.138646499999999833e+03
6.145441100000000006e+03
6.151992900000000191e+03
6.155238500000000386e+03
6.157087800000000243e+03
6.161353399999999965e+03
6.164479599999999664e+03
6.165123199999999997e+03
6.172277799999999843e+03
6.173096400000000358e+03
6.178431499999999687e+03
6.180704999999999927e+03
6.182621699999999691e+03
6.187135000000000218e+03
6.188125100000000202e+03
6.191905300000000352e+03
6.198222700000000259e+03
6.201100199999999859e+03
6.203492500000000291e+03
6.207220099999999547e+03
6.212503099999999904e+03
6.215938299999999799e+03
6.220011199999999917e+03
6.224527200000000448e+03
6.226369700000000194e+03
6.239712099999999737e+03
6.240953599999999824e+03
6.243120100000000093e+03
6.248405499999999847e+03
6.257423700000000281e+03
6.274116600000000290e+03
6.285278000000000247e+03
6.287255400000000009e+03
6.296872199999999793e+03
6.307657000000000153e+03
6.309159999999999854e+03
6.315774999999999636e+03
6.324397799999999734e+03
6.326366899999999987e+03
6.327277799999999843e+03
6.332511800000000221e+03
6.333145900000000438e+03
6.337620100000000093e+03
6.342859499999999571e+03
6.357022899999999936e+03
6.357677899999999681e+03
6.358621100000000297e+03
6.364893699999999626e+03
6.369574800000000323e+03
6.371943599999999606e+03
6.376930500000000393e+03
6.384716900000000351e+03
6.387395700000000033e+03
6.393797199999999975e+03
6.399206500000000233e+03
6.403012800000000425e+03
6.411899099999999635e+03
6.413614499999999680e+03
6.416307099999999991e+03
6.418370299999999588e+03
6.422896899999999732e+03
6.431555000000000291e+03
6.441899400000000242e+03
6.443859800000000178e+03
6.457282400000000052e+03
6.466717099999999846e+03
6.483082500000000437e+03
6.490737199999999575e+03
6.493197500000000218e+03
6.509050299999999879e+03
6.512363900000000285e+03
6.531341800000000148e+03
6.538112000000000080e+03
6.554160299999999552e+03
6.577214600000000246e+03
6.583905999999999949e+03
6.588539600000000064e+03
6.591484499999999571e+03
6.593939099999999598e+03
6.596114099999999780e+03
6.598677800000000389e+03
6.604853399999999965e+03
6.613373999999999796e+03
6.619945800000000418e+03
6.620966500000000451e+03
6.632083700000000135e+03
6.638220699999999852e+03
6.639740300000000389e+03
6.643697600000000421e+03
6.644663499999999658e+03
6.656938600000000406e+03
6.658677399999999579e+03
6.660676099999999678e+03
6.662268600000000333e+03
6.664051000000000386e+03
6.666358799999999974e+03
6.674696899999999914e+03
6.677281699999999546e+03
6.678706699999999728e+03
6.683367299999999886e+03
6.684292900000000373e+03
6.697712300000000141e+03
6.711252099999999700e+03
6.713970000000000255e+03
6.719199499999999716e+03
6.727458300000000236e+03
6.733748800000000301e+03
6.738180000000000291e+03
6.752833499999999731e+03
6.766611700000000383e+03
6.778312299999999595e+03
6.788840299999999843e+03
6.791235099999999875e+03
6.808531100000000151e+03
6.824677399999999579e+03
6.827248800000000301e+03
6.829035499999999956e+03
6.834924600000000282e+03
6.846479000000000269e+03
6.851884200000000419e+03
6.861268799999999828e+03
6.863534999999999854e+03
6.868450799999999617e+03
6.871289099999999962e+03
6.874752999999999702e+03
6.879582400000000234e+03
6.887088099999999940e+03
6.888174200000000383e+03
6.889303200000000288e+03
6.911226399999999558e+03
6.925009399999999914e+03
6.937664200000000164e+03
6.942537999999999556e+03
6.943610499999999774e+03
6.945490200000000186e+03
6.951477600000000166e+03
6.960250000000000000e+03
6.989655300000000352e+03
6.992212599999999838e+03
7.000803600000000188e+03
7.002882899999999609e+03
7.018567500000000109e+03
7.025225099999999657e+03
7.030251400000000103e+03
7.045796999999999571e+03
7.053619599999999991e+03
7.060653800000000047e+03
7.064451500000000124e+03
7.068735800000000381e+03
7.072393900000000031e+03
7.075333599999999933e+03
7.084168999999999869e+03
7.086704399999999623e+03
7.089339500000000044e+03
7.107477799999999661e+03
7.124560699999999997e+03
7.125819999999999709e+03
7.150284399999999550e+03
7.158838700000000244e+03
7.167202800000000025e+03
7.168895199999999932e+03
7.170360700000000179e+03
7.173372500000000400e+03
7.200045399999999972e+03
7.202516599999999926e+03
7.206980400000000373e+03
7.208006300000000010e+03
7.212689599999999700e+03
7.218054199999999582e+03
7.219151499999999942e+03
7.229938600000000406e+03
7.233536500000000160e+03
7.242091900000000351e+03
7.244696500000000015e+03
7.248966800000000148e+03
7.265172400000000380e+03
7.270663599999999860e+03
7.298143399999999929e+03
7.305404300000000148e+03
7.311715900000000147e+03
7.316005000000000109e+03
7.324807300000000396e+03
7.328284999999999854e+03
7.341151499999999942e+03
7.345399599999999737e+03
7.348052999999999884e+03
7.350814000000000306e+03
7.353292999999999665e+03
7.372118400000000292e+03
7.380426300000000083e+03
7.392980099999999766e+03
7.402252099999999700e+03
7.412336800000000039e+03
7.418549899999999980e+03
7.422311800000000403e+03
7.425294200000000274e+03
7.428940499999999702e+03
7.430253300000000309e+03
7.435368300000000090e+03
7.436296999999999571e+03
7.440493300000000090e+03
7.444748899999999594e+03
7.447848799999999756e+03
7.471164099999999962e+03
7.481354500000000371e+03
7.484326699999999619e+03
7.500655600000000049e+03
7.510408199999999852e+03
7.523134699999999611e+03
7.525507899999999609e+03
7.531143699999999626e+03
7.549313799999999901e+03
7.567741699999999582e+03
7.569511499999999614e+03
7.585792199999999866e+03
7.589315099999999802e+03
7.598205399999999827e+03
7.607823000000000320e+03
7.618344299999999748e+03
7.625705299999999625e+03
7.627174899999999980e+03
7.628881800000000112e+03
7.630310599999999795e+03
7.647379399999999805e+03
7.652320200000000114e+03
7.658324599999999919e+03
7.660890300000000025e+03
7.670057499999999891e+03
7.676219500000000153e+03
7.678126699999999801e+03
7.685307499999999891e+03
7.704816899999999805e+03
7.710269199999999728e+03
7.728951000000000022e+03
7.771946799999999712e+03
7.782316499999999905e+03
7.787800199999999677e+03
7.788934199999999691e+03
7.814323000000000320e+03
7.817766899999999623e+03
7.841791100000000370e+03
7.847539399999999659e+03
7.861909999999999854e+03
7.865969799999999850e+03
7.868194599999999809e+03
7.886283000000000357e+03
7.891074999999999818e+03
7.900319999999999709e+03
7.916442000000000007e+03
7.941725900000000365e+03
7.954592300000000250e+03
7.956974000000000160e+03
7.972595999999999549e+03
7.978973100000000159e+03
7.987973100000000159e+03
8.030200399999999718e+03
8.032431300000000192e+03
8.037218300000000454e+03
8.046116899999999987e+03
8.053308500000000095e+03
8.075651799999999639e+03
8.085219000000000051e+03
8.129405099999999948e+03
8.138475300000000061e+03
8.143137999999999920e+03
8.159727700000000368e+03
8.163121000000000095e+03
8.169786500000000160e+03
8.186911299999999756e+03
8.252393599999999424e+03
8.259511000000000422e+03
8.275626599999999598e+03
8.320855400000000373e+03
8.330449399999999514e+03
8.358726000000000568e+03
8.367393599999999424e+03
8.384724000000000160e+03
8.399257799999999406e+03
8.416726899999999659e+03
8.417998199999999997e+03
8.421225399999999354e+03
8.445486999999999171e+03
8.446511599999999817e+03
8.464236699999999473e+03
8.471825999999999112e+03
8.478358000000000175e+03
8.490306500000000597e+03
8.510623999999999796e+03
8.539792999999999665e+03
8.554943999999999505e+03
8.573120500000000902e+03
8.604016299999999319e+03
8.605776200000000244e+03
8.620460199999999531e+03
8.639441600000000108e+03
8.665485500000000684e+03
8.667944199999999910e+03
8.709234099999999671e+03
8.732424000000000888e+03
8.748030899999999747e+03
8.758243399999999383e+03
8.760449599999999919e+03
8.761686200000000099e+03
8.766745000000000800e+03
8.771860199999999168e+03
8.775573300000000017e+03
8.784562099999999191e+03
8.792057199999999284e+03