3.718206499999999778e+03
3.719434699999999793e+03
3.724516500000000178e+03
3.727612000000000080e+03
3.727902700000000095e+03
3.729308700000000044e+03
3.737889000000000124e+03
3.741182999999999993e+03
3.742923400000000129e+03
3.748283800000000156e+03
3.753517699999999877e+03
3.754030799999999999e+03
3.763505299999999806e+03
3.765269999999999982e+03
3.766118599999999788e+03
3.770519999999999982e+03
3.771370800000000145e+03
3.780839800000000196e+03
3.786382399999999961e+03
3.789168000000000120e+03
3.803074999999999818e+03
3.805313999999999851e+03
3.808574799999999868e+03
3.809456099999999878e+03
3.813067799999999806e+03
3.825672900000000027e+03
3.826807200000000194e+03
3.828384599999999864e+03
3.830510000000000218e+03
3.830773599999999988e+03
3.834678699999999935e+03
3.836585099999999784e+03
3.837875199999999950e+03
3.839695299999999861e+03
3.840380900000000111e+03
3.841518700000000081e+03
3.845405499999999847e+03
3.849911399999999958e+03
3.850581299999999828e+03
3.856354400000000169e+03
3.859839599999999791e+03
3.868528400000000147e+03
3.869663300000000163e+03
3.872137099999999919e+03
3.873822400000000016e+03
3.874243800000000192e+03
3.874861899999999878e+03
3.878661999999999807e+03
3.879644099999999980e+03
3.880333200000000033e+03
3.886256400000000212e+03
3.891204499999999825e+03
3.891401699999999892e+03
3.891979200000000219e+03
3.894659999999999854e+03
3.895419199999999819e+03
3.900576700000000073e+03
3.903102400000000216e+03
3.911576000000000022e+03
3.911909099999999853e+03
3.914767499999999927e+03
3.916417600000000220e+03
3.919023400000000038e+03
3.923799500000000080e+03
3.925093400000000202e+03
3.925718800000000101e+03
3.926045599999999922e+03
3.928623300000000199e+03
3.930330300000000079e+03
3.931256600000000162e+03
3.932546600000000126e+03
3.932911300000000210e+03
3.936353200000000015e+03
3.944253400000000056e+03
3.947504600000000210e+03
3.948030499999999847e+03
3.948978900000000067e+03
3.950395100000000184e+03
3.952760800000000017e+03
3.956690799999999854e+03
3.959300000000000182e+03
3.967392100000000028e+03
3.969002599999999802e+03
3.972154500000000098e+03
3.972639500000000226e+03
3.973196100000000115e+03
3.974476599999999962e+03
3.974759000000000015e+03
3.979355900000000020e+03
3.980089599999999791e+03
3.980755000000000109e+03
3.984879500000000007e+03
3.990492200000000139e+03
3.992053499999999985e+03
3.993298899999999776e+03
3.994549399999999878e+03
3.994791799999999967e+03
4.000281100000000151e+03
4.001058100000000195e+03
4.001893500000000131e+03
4.008210199999999986e+03
4.009011199999999917e+03
4.012495199999999841e+03
4.013856600000000071e+03
4.018099000000000160e+03
4.019128900000000158e+03
4.022067399999999907e+03
4.027009100000000217e+03
4.031358099999999922e+03
4.032453100000000177e+03
4.032595100000000002e+03
4.035460000000000036e+03
4.036047900000000027e+03
4.036565200000000004e+03
4.038804299999999785e+03
4.042893700000000081e+03
4.043394800000000032e+03
4.044417899999999918e+03
4.047481499999999869e+03
4.049944700000000012e+03
4.051108999999999924e+03
4.052920799999999872e+03
4.053527700000000095e+03
4.054525799999999890e+03
4.059252899999999954e+03
4.064331499999999778e+03
4.067450699999999870e+03
4.069201399999999921e+03
4.069461200000000190e+03
4.070238299999999981e+03
4.070783500000000004e+03
4.071751299999999901e+03
4.072004699999999957e+03
4.072384900000000016e+03
4.075503000000000156e+03
4.076628400000000056e+03
4.076943200000000161e+03
4.079573800000000119e+03
4.080705800000000181e+03
4.082387200000000121e+03
4.085042100000000119e+03
4.085434099999999944e+03
4.086520500000000084e+03
4.089137900000000172e+03
4.094746999999999844e+03
4.096075899999999820e+03
4.097747800000000097e+03
4.098731600000000071e+03
4.098932700000000295e+03
4.100341400000000249e+03
4.102617699999999786e+03
4.103912099999999555e+03
4.108419799999999668e+03
4.109323400000000220e+03
4.112754500000000007e+03
4.115758899999999812e+03
4.116375299999999697e+03
4.116713700000000244e+03
4.118489300000000185e+03
4.127412000000000262e+03
4.128640000000000327e+03
4.131002099999999700e+03
4.131723500000000058e+03
4.132753300000000309e+03
4.134068100000000413e+03
4.134323500000000422e+03
4.140234999999999673e+03
4.142701000000000022e+03
4.156086000000000240e+03
4.156516599999999926e+03
4.158590500000000247e+03
4.162509000000000015e+03
4.163646899999999732e+03
4.164179500000000189e+03
4.165766099999999824e+03
4.170533300000000054e+03
4.178059699999999793e+03
4.178365799999999581e+03
4.178848100000000159e+03
4.181883600000000115e+03
4.182934199999999691e+03
4.183564500000000407e+03
4.190712900000000445e+03
4.191029400000000351e+03
4.193016400000000431e+03
4.194936099999999897e+03
4.198317000000000007e+03
4.199889100000000326e+03
4.200674500000000080e+03
4.201971499999999651e+03
4.208890699999999924e+03
4.210923200000000179e+03
4.213067299999999705e+03
4.214828499999999622e+03
4.217430800000000090e+03
4.218664899999999761e+03
4.220065099999999802e+03
4.222637300000000323e+03
4.226987600000000384e+03
4.227387200000000121e+03
4.228158000000000357e+03
4.229864400000000387e+03
4.235463600000000042e+03
4.237219799999999850e+03
4.241094799999999850e+03
4.250314599999999700e+03
4.250774900000000343e+03
4.251184599999999591e+03
4.253538499999999658e+03
4.256253700000000208e+03
4.257496299999999792e+03
4.259361899999999878e+03
4.266286399999999958e+03
4.266527100000000246e+03
4.267519100000000435e+03
4.272168899999999667e+03
4.272874499999999898e+03
4.273357399999999870e+03
4.275159599999999955e+03
4.277528199999999742e+03
4.278323199999999815e+03
4.280568000000000211e+03
4.281067799999999806e+03
4.281414499999999862e+03
4.282041299999999865e+03
4.288668800000000374e+03
4.289655099999999948e+03
4.291809799999999996e+03
4.297306599999999889e+03
4.297939199999999801e+03
4.300100800000000163e+03
4.300649500000000444e+03
4.307176199999999881e+03
4.309239199999999983e+03
4.311799399999999878e+03
4.312997500000000400e+03
4.314319499999999607e+03
4.315254299999999603e+03
4.318415699999999561e+03
4.320126400000000103e+03
4.325274099999999635e+03
4.328915399999999863e+03
4.330843799999999646e+03
4.331199499999999716e+03
4.332029700000000048e+03
4.333561200000000099e+03
4.335337900000000445e+03
4.337070800000000418e+03
4.337277399999999943e+03
4.340895400000000336e+03
4.342444199999999910e+03
4.344326500000000124e+03
4.344609199999999873e+03
4.345167999999999665e+03
4.346436700000000201e+03
4.348064000000000306e+03
4.349072199999999611e+03
4.352204899999999725e+03
4.353448699999999917e+03
4.359371900000000096e+03
4.362066200000000208e+03
4.363794499999999971e+03
4.365930099999999584e+03
4.367831600000000435e+03
4.369875600000000304e+03
4.370753200000000106e+03
4.371328999999999724e+03
4.372489999999999782e+03
4.374123899999999594e+03
4.375954200000000128e+03
4.378176800000000185e+03
4.379666799999999967e+03
4.381401799999999639e+03
4.381860099999999875e+03
4.382893399999999929e+03
4.385056599999999889e+03
4.391110499999999774e+03
4.392974000000000160e+03
4.399405999999999949e+03
4.400096800000000258e+03
4.400986299999999574e+03
4.402927099999999882e+03
4.408482200000000375e+03
4.408882800000000316e+03
4.414486299999999574e+03
4.416237000000000080e+03
4.416844699999999648e+03
4.421543899999999667e+03
4.422047899999999572e+03
4.426001100000000406e+03
4.430189000000000306e+03
4.430996299999999792e+03
4.432252300000000105e+03
4.432962800000000243e+03
4.433837999999999738e+03
4.438746399999999994e+03
4.439461400000000140e+03
4.439879299999999603e+03
4.440573699999999917e+03
4.440865899999999783e+03
4.441608400000000074e+03
4.443665699999999561e+03
4.448879200000000310e+03
4.449520599999999831e+03
4.450804000000000087e+03
4.452565499999999702e+03
4.458001500000000306e+03
4.460557399999999689e+03
4.461241200000000390e+03
4.463666000000000167e+03
4.465340600000000450e+03
4.474759399999999914e+03
4.475221400000000358e+03
4.478595800000000054e+03
4.479637600000000020e+03
4.481810699999999997e+03
4.482169299999999566e+03
4.483346800000000258e+03
4.486897299999999632e+03
4.487495499999999993e+03
4.488312299999999595e+03
4.488680800000000090e+03
4.490981600000000071e+03
4.493333700000000135e+03
4.498538400000000365e+03
4.498940099999999802e+03
4.499379600000000210e+03
4.499983199999999670e+03
4.502926800000000185e+03
4.505216699999999946e+03
4.506472999999999956e+03
4.507833899999999630e+03
4.510733199999999670e+03
4.513223100000000159e+03
4.513679900000000089e+03
4.515118199999999888e+03
4.519259200000000419e+03
4.521193900000000212e+03
4.522323000000000320e+03
4.530552300000000287e+03
4.532257700000000114e+03
4.533077000000000226e+03
4.533304199999999582e+03
4.534119800000000396e+03
4.535254600000000210e+03
4.535490300000000389e+03
4.537642600000000130e+03
4.540998999999999796e+03
4.543869200000000092e+03
4.545051900000000387e+03
4.545915600000000268e+03
4.547249799999999595e+03
4.547758899999999812e+03
4.551473600000000260e+03
4.552153599999999642e+03
4.555812700000000405e+03
4.561347700000000259e+03
4.564405399999999645e+03
4.564835399999999936e+03
4.566649699999999939e+03
4.567240300000000389e+03
4.568142600000000130e+03
4.570972200000000157e+03
4.571219500000000153e+03
4.573703800000000228e+03
4.579349500000000262e+03
4.588426099999999678e+03
4.589266800000000330e+03
4.589897799999999734e+03
4.592666000000000167e+03
4.595420600000000377e+03
4.596096700000000055e+03
4.598762700000000223e+03
4.607934699999999793e+03
4.608620100000000093e+03
4.609567299999999705e+03
4.611859699999999975e+03
4.612543499999999767e+03
4.613604400000000169e+03
4.615024000000000342e+03
4.615333999999999833e+03
4.621162900000000263e+03
4.624314000000000306e+03
4.627297999999999774e+03
4.628201500000000124e+03
4.628440899999999601e+03
4.631761700000000019e+03
4.633765699999999924e+03
4.637232799999999770e+03
4.638684900000000198e+03
4.640046199999999772e+03
4.647250900000000001e+03
4.650234300000000076e+03
4.651555199999999786e+03
4.651989499999999680e+03
4.655212599999999838e+03
4.657901200000000244e+03
4.659569800000000214e+03
4.663202599999999620e+03
4.664970400000000154e+03
4.666005000000000109e+03
4.666515800000000127e+03
4.666798499999999876e+03
4.668171599999999671e+03
4.669984199999999873e+03
4.673660899999999856e+03
4.675376000000000204e+03
4.676055500000000393e+03
4.680237699999999677e+03
4.680645999999999731e+03
4.683351700000000164e+03
4.686194599999999809e+03
4.690621900000000096e+03
4.691635400000000118e+03
4.694091400000000249e+03
4.695038099999999758e+03
4.700140199999999822e+03
4.702316100000000006e+03
4.703989800000000287e+03
4.705760599999999613e+03
4.708293999999999869e+03
4.712481399999999667e+03
4.712840799999999945e+03
4.719979500000000371e+03
4.720458599999999933e+03
4.721276499999999942e+03
4.721591000000000349e+03
4.722088600000000042e+03
4.723438199999999597e+03
4.723783999999999651e+03
4.726868300000000090e+03
4.729128200000000106e+03
4.730659300000000258e+03
4.732053200000000288e+03
4.735905800000000454e+03
4.739676400000000285e+03
4.740529199999999946e+03
4.740958499999999731e+03
4.743686999999999898e+03
4.745337499999999636e+03
4.749200200000000223e+03
4.749971300000000156e+03
4.752414099999999962e+03
4.757219600000000355e+03
4.761110099999999875e+03
4.764346300000000156e+03
4.764864599999999882e+03
4.765595000000000255e+03
4.766600599999999758e+03
4.775313000000000102e+03
4.775793999999999869e+03
4.777191499999999905e+03
4.778293999999999869e+03
4.779728600000000370e+03
4.780750500000000102e+03
4.782761199999999917e+03
4.783861700000000383e+03
4.786530999999999949e+03
4.787148000000000138e+03
4.789386800000000221e+03
4.792081900000000132e+03
4.795913099999999758e+03
4.806020499999999629e+03
4.808133700000000317e+03
4.812375500000000102e+03
4.813006900000000314e+03
4.813720400000000154e+03
4.813896300000000338e+03
4.817020599999999831e+03
4.818647700000000441e+03
4.819193000000000211e+03
4.820464899999999943e+03
4.820884699999999611e+03
4.821587800000000243e+03
4.822854800000000068e+03
4.823996699999999691e+03
4.826700399999999718e+03
4.829797300000000178e+03
4.831121299999999792e+03
4.831597499999999854e+03
4.832802499999999782e+03
4.834096999999999753e+03
4.840474400000000060e+03
4.843941300000000410e+03
4.845162599999999657e+03
4.847809500000000298e+03
4.848362500000000182e+03
4.849861700000000383e+03
4.850439699999999903e+03
4.852868499999999585e+03
4.858332699999999932e+03
4.861216699999999946e+03
4.861717300000000250e+03
4.863172400000000380e+03
4.865477499999999964e+03
4.865910499999999956e+03
4.868881400000000212e+03
4.871288999999999760e+03
4.872916900000000169e+03
4.874364499999999680e+03
4.878009399999999914e+03
4.878733000000000175e+03
4.879863500000000386e+03
4.881204600000000028e+03
4.882243199999999888e+03
4.889042199999999866e+03
4.892759200000000419e+03
4.899240099999999984e+03
4.902054500000000189e+03
4.904751599999999598e+03
4.910157599999999547e+03
4.910792900000000373e+03
4.911135800000000017e+03
4.911378700000000208e+03
4.912529300000000148e+03
4.919815700000000106e+03
4.921613400000000183e+03
4.922944199999999910e+03
4.924422300000000178e+03
4.925425400000000081e+03
4.927780300000000352e+03
4.929086000000000240e+03
4.933209100000000035e+03
4.933852100000000064e+03
4.936774599999999737e+03
4.937829499999999825e+03
4.939642200000000230e+03
4.945458700000000135e+03
4.946663700000000063e+03
4.947575200000000223e+03
4.950626400000000103e+03
4.957296299999999974e+03
4.961725999999999658e+03
4.965079499999999825e+03
4.965731499999999869e+03
4.972159700000000157e+03
4.980185900000000402e+03
4.982487500000000182e+03
4.985372500000000400e+03
4.989308600000000297e+03
4.992637200000000121e+03
4.993748800000000301e+03
4.994105800000000272e+03
5.002097200000000157e+03
5.003598100000000159e+03
5.004127900000000409e+03
5.009334399999999732e+03
5.015889299999999821e+03
5.017162800000000061e+03
5.019806199999999990e+03
5.022005100000000311e+03
5.022173999999999978e+03
5.023708400000000438e+03
5.028655600000000049e+03
5.029891599999999926e+03
5.039230300000000170e+03
5.039526499999999942e+03
5.044719500000000153e+03
5.045248099999999795e+03
5.047043399999999565e+03
5.049796000000000276e+03
5.050784200000000055e+03
5.051888700000000426e+03
5.055347300000000359e+03
5.057986600000000180e+03
5.058361100000000079e+03
5.062037099999999555e+03
5.063515699999999924e+03
5.063998800000000301e+03
5.064601999999999862e+03
5.064945399999999609e+03
5.065192600000000311e+03
5.066135500000000320e+03
5.066777299999999741e+03
5.067137899999999718e+03
5.067973699999999553e+03
5.075465900000000147e+03
5.081446200000000317e+03
5.090545500000000175e+03
5.095063900000000103e+03
5.096484800000000178e+03
5.098043200000000070e+03
5.100621100000000297e+03
5.111278100000000450e+03
5.115044799999999668e+03
5.118202299999999923e+03
5.122499499999999898e+03
5.128489700000000084e+03
5.130233799999999974e+03
5.131072000000000116e+03
5.134746000000000095e+03
5.139448699999999917e+03
5.141782699999999750e+03
5.143267300000000432e+03
5.143916500000000269e+03
5.145308299999999690e+03
5.151612000000000080e+03
5.154243000000000393e+03
5.158604099999999562e+03
5.161539600000000064e+03
5.162284599999999955e+03
5.163458400000000438e+03
5.168922499999999673e+03
5.173671500000000378e+03
5.174798799999999574e+03
5.175324800000000323e+03
5.176229199999999764e+03
5.176961000000000240e+03
5.182526899999999841e+03
5.183089700000000448e+03
5.183989599999999882e+03
5.184453400000000329e+03
5.186413199999999961e+03
5.187337400000000343e+03
5.187746199999999590e+03
5.190872000000000298e+03
5.193825600000000122e+03
5.194457599999999729e+03
5.195813600000000406e+03
5.198799899999999980e+03
5.199163700000000063e+03
5.203847899999999754e+03
5.205152200000000448e+03
5.206495600000000195e+03
5.209724599999999555e+03
5.211230499999999665e+03
5.213349199999999655e+03
5.216813900000000103e+03
5.219109900000000380e+03
5.221270999999999731e+03
5.228224599999999555e+03
5.229794499999999971e+03
5.231159700000000157e+03
5.237903299999999945e+03
5.238813699999999699e+03
5.239551999999999680e+03
5.240196799999999712e+03
5.245378099999999904e+03
5.247654700000000048e+03
5.253444099999999708e+03
5.258360200000000077e+03
5.260104099999999562e+03
5.261471999999999753e+03
5.264782400000000052e+03
5.266710299999999734e+03
5.274118800000000192e+03
5.281068699999999808e+03
5.281628499999999804e+03
5.286886999999999716e+03
5.291816300000000410e+03
5.294397100000000137e+03
5.297743099999999686e+03
5.298282400000000052e+03
5.306986399999999776e+03
5.310266499999999724e+03
5.312001800000000003e+03
5.312528800000000047e+03
5.312904499999999643e+03
5.315227799999999661e+03
5.317494399999999587e+03
5.318426800000000185e+03
5.320769900000000234e+03
5.325143799999999828e+03
5.325431700000000092e+03
5.326277399999999943e+03
5.326975599999999758e+03
5.329755900000000111e+03
5.330080399999999827e+03
5.339895199999999932e+03
5.340498199999999997e+03
5.345311700000000201e+03
5.346377800000000207e+03
5.347971400000000358e+03
5.349005400000000009e+03
5.351126500000000306e+03
5.355636499999999614e+03
5.360150099999999838e+03
5.361155600000000049e+03
5.362575100000000020e+03
5.370709600000000137e+03
5.372702699999999822e+03
5.374821899999999914e+03
5.375352600000000166e+03
5.375768799999999828e+03
5.376130400000000009e+03
5.378835600000000341e+03
5.379110499999999774e+03
5.382927599999999984e+03
5.384035600000000159e+03
5.386610700000000179e+03
5.388050699999999779e+03
5.392572600000000421e+03
5.393599500000000262e+03
5.393971899999999550e+03
5.394760800000000017e+03
5.397515999999999622e+03
5.402604800000000068e+03
5.407343899999999849e+03
5.407653500000000349e+03
5.410768699999999626e+03
5.415522600000000239e+03
5.417485800000000381e+03
5.421351700000000164e+03
5.424007899999999609e+03
5.425678299999999581e+03
5.426407500000000255e+03
5.431112000000000080e+03
5.434151399999999740e+03
5.435892499999999927e+03
5.437387700000000223e+03
5.438137399999999616e+03
5.439989099999999780e+03
5.440601499999999760e+03
5.449478799999999865e+03
5.451652000000000044e+03
5.452218700000000354e+03
5.463321399999999812e+03
5.464205500000000029e+03
5.467170399999999972e+03
5.470759100000000217e+03
5.476485599999999977e+03
5.479075100000000020e+03
5.488628700000000208e+03
5.490119399999999587e+03
5.492643500000000131e+03
5.493203999999999724e+03
5.494330600000000231e+03
5.495873800000000301e+03
5.496136999999999716e+03
5.498184100000000399e+03
5.499255400000000009e+03
5.499647799999999734e+03
5.504301800000000185e+03
5.506112799999999879e+03
5.509993800000000192e+03
5.514376000000000204e+03
5.514873099999999795e+03
5.523167499999999563e+03
5.524582400000000234e+03
5.524957000000000335e+03
5.538608699999999772e+03
5.539261800000000221e+03
5.539910600000000159e+03
5.542890000000000327e+03
5.545049500000000080e+03
5.548175799999999981e+03
5.551371900000000096e+03
5.557045399999999972e+03
5.558342200000000048e+03
5.558702000000000226e+03
5.559891200000000026e+03
5.564201100000000224e+03
5.567998599999999897e+03
5.571191300000000410e+03
5.572464899999999943e+03
5.573353500000000167e+03
5.576204499999999825e+03
5.577684500000000298e+03
5.579358299999999872e+03
5.587026300000000447e+03
5.588750600000000304e+03
5.593612900000000081e+03
5.595063500000000204e+03
5.597475599999999758e+03
5.601121600000000399e+03
5.601603199999999561e+03
5.604515400000000227e+03
5.606386099999999715e+03
5.606733000000000175e+03
5.609573500000000422e+03
5.610680900000000292e+03
5.612067900000000009e+03
5.615319499999999607e+03
5.620921299999999974e+03
5.625678200000000288e+03
5.633295000000000073e+03
5.635879200000000310e+03
5.639746100000000297e+03
5.648686300000000301e+03
5.648990999999999985e+03
5.650704300000000330e+03
5.654023400000000038e+03
5.657925500000000284e+03
5.659127199999999903e+03
5.663042000000000371e+03
5.664621000000000095e+03
5.665179900000000089e+03
5.665628300000000309e+03
5.667128099999999904e+03
5.674986399999999776e+03
5.677052899999999681e+03
5.679005000000000109e+03
5.681900099999999838e+03
5.685192100000000210e+03
5.691661199999999553e+03
5.696390400000000227e+03
5.698293700000000172e+03
5.700917599999999766e+03
5.702651100000000042e+03
5.707103299999999763e+03
5.717171099999999569e+03
5.719622699999999895e+03
5.720182799999999588e+03
5.724463800000000447e+03
5.725388500000000022e+03
5.732975000000000364e+03
5.736029700000000048e+03
5.739519599999999627e+03
5.741170500000000175e+03
5.741828999999999724e+03
5.742083800000000338e+03
5.748741200000000390e+03
5.749388299999999617e+03
5.749786199999999553e+03
5.753026499999999942e+03
5.760550799999999981e+03
5.763529000000000451e+03
5.767778500000000349e+03
5.768181199999999990e+03
5.772114300000000185e+03
5.773946299999999610e+03
5.777400599999999940e+03
5.782313900000000103e+03
5.789645099999999729e+03
5.792430400000000191e+03
5.796068299999999908e+03
5.797319400000000314e+03
5.798478000000000065e+03
5.800829700000000230e+03
5.802079800000000432e+03
5.804141200000000026e+03
5.807681400000000394e+03
5.812972499999999854e+03
5.815421900000000278e+03
5.818449499999999716e+03
5.819127199999999903e+03
5.830827199999999721e+03
5.832370499999999993e+03
5.834263299999999617e+03
5.838950200000000223e+03
5.840640400000000227e+03
5.843806899999999587e+03
5.852680599999999686e+03
5.853474500000000262e+03
5.854120700000000397e+03
5.860310300000000097e+03
5.863718399999999747e+03
5.871182799999999588e+03
5.882624200000000201e+03
5.885701600000000326e+03
5.886531399999999849e+03
5.888584100000000035e+03
5.889953099999999722e+03
5.891451000000000022e+03
5.895281799999999748e+03
5.895928100000000086e+03
5.899844100000000253e+03
5.902602100000000064e+03
5.905570700000000215e+03
5.911229599999999664e+03
5.912085299999999734e+03
5.914385599999999613e+03
5.914670900000000074e+03
5.918944199999999910e+03
5.925403599999999642e+03
5.926232100000000173e+03
5.928813000000000102e+03
5.929934299999999894e+03
5.936386099999999715e+03
5.937663400000000365e+03
5.938457000000000335e+03
5.938825200000000223e+03
5.944647200000000339e+03
5.948799100000000180e+03
5.955561599999999999e+03
5.968319900000000416e+03
5.969737299999999777e+03
5.971600800000000163e+03
5.973664899999999761e+03
5.975064800000000105e+03
5.981884600000000319e+03
5.986266499999999724e+03
5.987301599999999780e+03
5.989044700000000375e+03
5.991007099999999809e+03
5.994128700000000208e+03
5.996629700000000412e+03
5.998998700000000099e+03
6.000762200000000121e+03
6.001203300000000127e+03
6.005164999999999964e+03
6.005724199999999655e+03
6.007072199999999611e+03
6.010160600000000159e+03
6.013677700000000186e+03
6.015421800000000076e+03
6.021035700000000361e+03
6.025149999999999636e+03
6.030444999999999709e+03
6.032127400000000307e+03
6.035192299999999705e+03
6.037697500000000218e+03
6.038680500000000393e+03
6.042589799999999741e+03
6.043223299999999654e+03
6.044432700000000295e+03
6.046897700000000441e+03
6.049051000000000386e+03
6.050981799999999566e+03
6.052722899999999754e+03
6.053380799999999908e+03
6.059372500000000400e+03
6.061536100000000260e+03
6.064750799999999799e+03
6.069020700000000033e+03
6.073103600000000370e+03
6.077105700000000070e+03
6.077872800000000097e+03
6.078421199999999772e+03
6.079222700000000259e+03
6.085374799999999595e+03
6.087262200000000121e+03
6.088030499999999847e+03
6.090784800000000359e+03
6.098120499999999993e+03
6.098803100000000086e+03
6.099083099999999831e+03
6.101161500000000160e+03
6.101725099999999657e+03
6.105635100000000421e+03
6.107533699999999953e+03
6.112837499999999636e+03
6.113465699999999742e+03
6.114923399999999674e+03
6.116166100000000370e+03
6.119699800000000323e+03
6.120556400000000394e+03
6.123361899999999878e+03
6.124480499999999665e+03
6.127416000000000167e+03
6.138646499999999833e+03
6.145441100000000006e+03
6.150682999999999993e+03
6.151992900000000191e+03
6.154068199999999706e+03
6.154516200000000026e+03
6.155238500000000386e+03
6.157087800000000243e+03
6.161353399999999965e+03
6.164479599999999664e+03
6.165123199999999997e+03
6.169822100000000319e+03
6.170173999999999978e+03
6.172277799999999843e+03
6.173096400000000358e+03
6.178431499999999687e+03
6.180704999999999927e+03
6.182621699999999691e+03
6.187135000000000218e+03
6.188125100000000202e+03
6.191905300000000352e+03
6.193856300000000374e+03
6.198222700000000259e+03
6.200432499999999891e+03
6.201100199999999859e+03
6.203492500000000291e+03
6.205859900000000380e+03
6.207220099999999547e+03
6.208686899999999696e+03
6.212503099999999904e+03
6.215938299999999799e+03
6.220011199999999917e+03
6.221319199999999910e+03
6.224527200000000448e+03
6.226369700000000194e+03
6.234855400000000373e+03
6.239712099999999737e+03
6.240953599999999824e+03
6.243120100000000093e+03
6.243360300000000279e+03
6.248405499999999847e+03
6.257423700000000281e+03
6.258606799999999566e+03
6.261064199999999801e+03
6.261418099999999868e+03
6.265603600000000370e+03
6.271544399999999769e+03
6.274116600000000290e+03
6.276164600000000064e+03
6.277238500000000386e+03
6.279166599999999562e+03
6.287255400000000009e+03
6.291191499999999905e+03
6.292890900000000329e+03
6.293242400000000089e+03
6.296872199999999793e+03
6.300916500000000269e+03
6.301412800000000061e+03
6.303250699999999597e+03
6.307657000000000153e+03
6.309159999999999854e+03
6.310810099999999693e+03
6.315774999999999636e+03
6.324397799999999734e+03
6.326366899999999987e+03
6.327277799999999843e+03
6.331413700000000063e+03
6.332511800000000221e+03
6.333145900000000438e+03
6.339668399999999565e+03
6.342859499999999571e+03
6.346120899999999892e+03
6.348232100000000173e+03
6.348737500000000182e+03
6.355910799999999654e+03
6.357022899999999936e+03
6.357677899999999681e+03
6.359674399999999878e+03
6.364893699999999626e+03
6.369139400000000023e+03
6.369574800000000323e+03
6.371943599999999606e+03
6.376930500000000393e+03
6.384716900000000351e+03
6.387395700000000033e+03
6.393797199999999975e+03
6.399206500000000233e+03
6.399949800000000323e+03
6.400696100000000115e+03
6.403012800000000425e+03
6.406446200000000317e+03
6.408903500000000349e+03
6.411899099999999635e+03
6.413614499999999680e+03
6.416307099999999991e+03
6.418370299999999588e+03
6.422896899999999732e+03
6.431555000000000291e+03
6.441899400000000242e+03
6.443859800000000178e+03
6.446771200000000135e+03
6.450006000000000313e+03
6.457282400000000052e+03
6.460475000000000364e+03
6.466552599999999984e+03
6.471213099999999940e+03
6.483082500000000437e+03
6.488883200000000215e+03
6.490737199999999575e+03
6.493197500000000218e+03
6.506986799999999675e+03
6.509050299999999879e+03
6.512363900000000285e+03
6.531341800000000148e+03
6.538112000000000080e+03
6.554160299999999552e+03
6.558875600000000304e+03
6.564444499999999607e+03
6.569632200000000012e+03
6.576122099999999591e+03
6.577214600000000246e+03
6.577655200000000150e+03
6.583905999999999949e+03
6.584613000000000284e+03
6.588539600000000064e+03
6.591484499999999571e+03
6.593462800000000243e+03
6.593939099999999598e+03
6.596114099999999780e+03
6.598677800000000389e+03
6.599482399999999870e+03
6.604853399999999965e+03
6.605416500000000269e+03
6.613373999999999796e+03
6.617057999999999993e+03
6.617515400000000227e+03
6.618166799999999967e+03
6.619945800000000418e+03
6.620966500000000451e+03
6.632083700000000135e+03
6.638220699999999852e+03
6.638911900000000060e+03
6.639740300000000389e+03
6.643697600000000421e+03
6.644663499999999658e+03
6.646540699999999561e+03
6.648958599999999933e+03
6.654367500000000291e+03
6.656938600000000406e+03
6.658677399999999579e+03
6.660676099999999678e+03
6.662268600000000333e+03
6.664051000000000386e+03
6.666358799999999974e+03
6.668816300000000410e+03
6.674696899999999914e+03
6.677281699999999546e+03
6.678706699999999728e+03
6.683367299999999886e+03
6.684292900000000373e+03
6.692726200000000063e+03
6.697712300000000141e+03
6.711252099999999700e+03
6.713970000000000255e+03
6.717385100000000421e+03
6.719199499999999716e+03
6.727458300000000236e+03
6.733748800000000301e+03
6.738180000000000291e+03
6.742884500000000116e+03
6.752833499999999731e+03
6.753659800000000359e+03
6.756452800000000025e+03
6.757109199999999873e+03
6.758203499999999622e+03
6.766611700000000383e+03
6.770106899999999769e+03
6.772174500000000080e+03
6.778312299999999595e+03
6.780125200000000405e+03
6.780413099999999758e+03
6.787736399999999776e+03
6.788840299999999843e+03
6.791235099999999875e+03
6.798486799999999675e+03
6.808531100000000151e+03
6.823508399999999710e+03
6.824677399999999579e+03
6.827248800000000301e+03
6.829035499999999956e+03
6.834924600000000282e+03
6.846479000000000269e+03
6.851884200000000419e+03
6.854109300000000076e+03
6.861268799999999828e+03
6.863534999999999854e+03
6.866366600000000290e+03
6.866763399999999820e+03
6.868450799999999617e+03
6.871289099999999962e+03
6.874752999999999702e+03
6.879582400000000234e+03
6.887088099999999940e+03
6.888174200000000383e+03
6.889303200000000288e+03
6.911226399999999558e+03
6.916128899999999703e+03
6.925009399999999914e+03
6.937664200000000164e+03
6.942537999999999556e+03
6.943610499999999774e+03
6.945490200000000186e+03
6.951477600000000166e+03
6.954655999999999949e+03
6.960250000000000000e+03
6.989655300000000352e+03
6.992212599999999838e+03
6.993037099999999555e+03
7.000803600000000188e+03
7.002882899999999609e+03
7.018567500000000109e+03
7.025225099999999657e+03
7.030251400000000103e+03
7.036283099999999649e+03
7.045796999999999571e+03
7.053619599999999991e+03
7.058489499999999680e+03
7.060041699999999764e+03
7.060653800000000047e+03
7.061394199999999728e+03
7.064451500000000124e+03
7.068735800000000381e+03
7.072393900000000031e+03
7.075333599999999933e+03
7.084168999999999869e+03
7.086704399999999623e+03
7.089339500000000044e+03
7.100514400000000023e+03
7.107477799999999661e+03
7.109181899999999587e+03
7.109860200000000077e+03
7.112918899999999667e+03
7.114398400000000038e+03
7.124560699999999997e+03
7.125819999999999709e+03
7.132609999999999673e+03
7.142331000000000131e+03
7.148558899999999994e+03
7.150284399999999550e+03
7.153587700000000041e+03
7.156941600000000108e+03
7.158838700000000244e+03
7.159947000000000116e+03
7.162556899999999587e+03
7.167202800000000025e+03
7.168895199999999932e+03
7.173372500000000400e+03
7.176185999999999694e+03
7.176721300000000156e+03
7.188532000000000153e+03
7.191132800000000316e+03
7.200045399999999972e+03
7.202516599999999926e+03
7.206483000000000175e+03
7.206980400000000373e+03
7.208006300000000010e+03
7.212689599999999700e+03
7.218054199999999582e+03
7.219151499999999942e+03
7.229938600000000406e+03
7.233536500000000160e+03
7.242091900000000351e+03
7.244696500000000015e+03
7.246127700000000004e+03
7.253676000000000386e+03
7.255354099999999562e+03
7.265172400000000380e+03
7.270663599999999860e+03
7.284903299999999945e+03
7.285443699999999808e+03
7.296265900000000329e+03
7.298143399999999929e+03
7.305404300000000148e+03
7.311715900000000147e+03
7.315066100000000006e+03
7.316005000000000109e+03
7.324807300000000396e+03
7.328284999999999854e+03
7.341151499999999942e+03
7.345399599999999737e+03
7.348052999999999884e+03
7.350814000000000306e+03
7.353292999999999665e+03
7.358344900000000052e+03
7.372118400000000292e+03
7.376877199999999903e+03
7.380426300000000083e+03
7.385500600000000304e+03
7.392980099999999766e+03
7.393437700000000405e+03
7.402252099999999700e+03
7.412336800000000039e+03
7.417790799999999763e+03
7.418549899999999980e+03
7.422311800000000403e+03
7.425294200000000274e+03
7.428940499999999702e+03
7.430253300000000309e+03
7.435368300000000090e+03
7.436296999999999571e+03
7.440493300000000090e+03
7.444748899999999594e+03
7.447848799999999756e+03
7.471164099999999962e+03
7.481354500000000371e+03
7.483625600000000304e+03
7.484326699999999619e+03
7.487973799999999756e+03
7.499002400000000307e+03
7.500655600000000049e+03
7.510408199999999852e+03
7.525507899999999609e+03
7.531143699999999626e+03
7.536436499999999796e+03
7.549313799999999901e+03
7.567741699999999582e+03
7.569511499999999614e+03
7.585792199999999866e+03
7.589315099999999802e+03
7.598205399999999827e+03
7.607823000000000320e+03
7.618344299999999748e+03
7.625705299999999625e+03
7.627174899999999980e+03
7.628881800000000112e+03
7.630310599999999795e+03
7.632130500000000211e+03
7.647379399999999805e+03
7.652320200000000114e+03
7.654699800000000323e+03
7.658324599999999919e+03
7.660023400000000038e+03
7.660890300000000025e+03
7.670057499999999891e+03
7.676219500000000153e+03
7.678126699999999801e+03
7.685307499999999891e+03
7.704816899999999805e+03
7.710269199999999728e+03
7.713937799999999697e+03
7.728951000000000022e+03
7.731738500000000386e+03
7.771946799999999712e+03
7.778492199999999684e+03
7.782316499999999905e+03
7.787800199999999677e+03
7.788934199999999691e+03
7.814323000000000320e+03
7.817766899999999623e+03
7.834457800000000134e+03
7.836459700000000339e+03
7.840298099999999977e+03
7.841791100000000370e+03
7.847539399999999659e+03
7.848454700000000230e+03
7.861909999999999854e+03
7.864021800000000439e+03
7.865969799999999850e+03
7.868194599999999809e+03
7.886283000000000357e+03
7.891074999999999818e+03
7.900319999999999709e+03
7.916442000000000007e+03
7.937733500000000276e+03
7.941725900000000365e+03
7.948176400000000285e+03
7.954592300000000250e+03
7.956974000000000160e+03
7.972595999999999549e+03
7.974159200000000055e+03
7.978973100000000159e+03
7.987973100000000159e+03
7.993680800000000090e+03
8.017527500000000146e+03
8.024252999999999702e+03
8.025727100000000064e+03
8.030200399999999718e+03
8.032431300000000192e+03
8.037218300000000454e+03
8.046116899999999987e+03
8.053308500000000095e+03
8.062630400000000009e+03
8.075651799999999639e+03
8.085219000000000051e+03
8.093623800000000301e+03
8.094055900000000292e+03
8.119181099999999788e+03
8.129405099999999948e+03
8.138475300000000061e+03
8.143137999999999920e+03
8.159727700000000368e+03
8.163121000000000095e+03
8.169786500000000160e+03
8.186911299999999756e+03
8.207478499999999258e+03
8.217226399999999558e+03
8.252393599999999424e+03
8.253615599999999176e+03
8.259511000000000422e+03
8.275626599999999598e+03
8.292527200000000448e+03
8.297176499999999578e+03
8.311630600000000413e+03
8.320855400000000373e+03
8.330449399999999514e+03
8.356069299999999203e+03
8.358726000000000568e+03
8.366074099999999817e+03
8.367393599999999424e+03
8.369340399999999136e+03
8.379226099999999860e+03
8.384724000000000160e+03
8.388536299999999756e+03
8.399257799999999406e+03
8.403796500000000378e+03
8.411917199999999866e+03
8.416726899999999659e+03
8.417998199999999997e+03
8.421225399999999354e+03
8.445486999999999171e+03
8.446511599999999817e+03
8.456346799999999348e+03
8.464236699999999473e+03
8.465670599999999467e+03
8.471825999999999112e+03
8.478358000000000175e+03
8.490306500000000597e+03
8.510623999999999796e+03
8.516554200000000492e+03
8.539792999999999665e+03
8.554943999999999505e+03
8.556325000000000728e+03
8.573120500000000902e+03
8.577276799999999639e+03
8.591838700000000244e+03
8.604016299999999319e+03
8.605776200000000244e+03
8.616221900000000460e+03
8.620460199999999531e+03
8.621322500000000218e+03
8.639441600000000108e+03
8.645308699999999590e+03
8.662137199999999211e+03
8.665485500000000684e+03
8.678408299999999144e+03
8.709234099999999671e+03
8.713654699999999139e+03
8.732424000000000888e+03
8.748030899999999747e+03
8.749169700000000375e+03
8.758243399999999383e+03
8.760449599999999919e+03
8.761686200000000099e+03
8.766745000000000800e+03
8.771860199999999168e+03
8.772805200000000696e+03
8.775573300000000017e+03
8.784562099999999191e+03
8.792057199999999284e+03
8.799087499999999636e+03