5.451652000000000044e+03
5.490119399999999587e+03
5.492643500000000131e+03
5.495873800000000301e+03
5.498184100000000399e+03
5.499255400000000009e+03
5.504301800000000185e+03
5.506112799999999879e+03
5.509993800000000192e+03
5.514376000000000204e+03
5.514873099999999795e+03
5.524582400000000234e+03
5.524957000000000335e+03
5.539261800000000221e+03
5.539910600000000159e+03
5.542890000000000327e+03
5.545049500000000080e+03
5.548175799999999981e+03
5.557045399999999972e+03
5.558342200000000048e+03
5.558702000000000226e+03
5.567998599999999897e+03
5.571191300000000410e+03
5.573353500000000167e+03
5.577684500000000298e+03
5.579358299999999872e+03
5.580077100000000428e+03
5.587026300000000447e+03
5.593612900000000081e+03
5.595063500000000204e+03
5.597475599999999758e+03
5.601121600000000399e+03
5.601603199999999561e+03
5.604515400000000227e+03
5.606733000000000175e+03
5.610680900000000292e+03
5.612067900000000009e+03
5.615319499999999607e+03
5.620921299999999974e+03
5.625678200000000288e+03
5.635879200000000310e+03
5.639746100000000297e+03
5.648686300000000301e+03
5.648990999999999985e+03
5.650704300000000330e+03
5.657925500000000284e+03
5.659127199999999903e+03
5.665179900000000089e+03
5.665628300000000309e+03
5.667128099999999904e+03
5.674986399999999776e+03
5.677052899999999681e+03
5.681900099999999838e+03
5.685192100000000210e+03
5.696390400000000227e+03
5.698293700000000172e+03
5.702651100000000042e+03
5.707103299999999763e+03
5.719622699999999895e+03
5.720182799999999588e+03
5.725388500000000022e+03
5.739519599999999627e+03
5.741828999999999724e+03
5.748741200000000390e+03
5.749388299999999617e+03
5.749786199999999553e+03
5.753026499999999942e+03
5.760550799999999981e+03
5.763529000000000451e+03
5.768181199999999990e+03
5.773946299999999610e+03
5.777400599999999940e+03
5.789645099999999729e+03
5.792430400000000191e+03
5.796068299999999908e+03
5.797319400000000314e+03
5.798478000000000065e+03
5.800829700000000230e+03
5.802079800000000432e+03
5.804141200000000026e+03
5.815421900000000278e+03
5.830827199999999721e+03
5.832370499999999993e+03
5.834263299999999617e+03
5.838950200000000223e+03
5.840640400000000227e+03
5.852680599999999686e+03
5.853474500000000262e+03
5.854120700000000397e+03
5.860310300000000097e+03
5.863718399999999747e+03
5.869850699999999961e+03
5.871182799999999588e+03
5.882624200000000201e+03
5.885701600000000326e+03
5.888584100000000035e+03
5.889953099999999722e+03
5.891451000000000022e+03
5.895928100000000086e+03
5.899844100000000253e+03
5.905570700000000215e+03
5.912085299999999734e+03
5.914670900000000074e+03
5.918944199999999910e+03
5.925403599999999642e+03
5.926232100000000173e+03
5.928813000000000102e+03
5.929934299999999894e+03
5.937663400000000365e+03
5.938457000000000335e+03
5.938825200000000223e+03
5.944647200000000339e+03
5.968319900000000416e+03
5.969737299999999777e+03
5.971600800000000163e+03
5.973664899999999761e+03
5.975064800000000105e+03
5.987301599999999780e+03
5.989044700000000375e+03
5.991007099999999809e+03
5.994128700000000208e+03
5.996629700000000412e+03
5.998998700000000099e+03
6.001203300000000127e+03
6.005164999999999964e+03
6.005724199999999655e+03
6.007072199999999611e+03
6.010160600000000159e+03
6.013677700000000186e+03
6.015421800000000076e+03
6.021035700000000361e+03
6.025149999999999636e+03
6.030444999999999709e+03
6.032127400000000307e+03
6.037697500000000218e+03
6.038680500000000393e+03
6.043223299999999654e+03
6.044432700000000295e+03
6.046897700000000441e+03
6.049051000000000386e+03
6.050981799999999566e+03
6.052722899999999754e+03
6.053380799999999908e+03
6.059372500000000400e+03
6.064750799999999799e+03
6.069020700000000033e+03
6.073103600000000370e+03
6.077105700000000070e+03
6.077872800000000097e+03
6.078421199999999772e+03
6.079222700000000259e+03
6.088030499999999847e+03
6.090784800000000359e+03
6.098803100000000086e+03
6.101161500000000160e+03
6.101725099999999657e+03
6.105635100000000421e+03
6.107533699999999953e+03
6.112837499999999636e+03
6.113465699999999742e+03
6.114923399999999674e+03
6.116166100000000370e+03
6.119699800000000323e+03
6.123361899999999878e+03
6.124480499999999665e+03
6.127416000000000167e+03
6.138646499999999833e+03
6.145441100000000006e+03
6.151992900000000191e+03
6.154068199999999706e+03
6.155238500000000386e+03
6.157087800000000243e+03
6.161353399999999965e+03
6.164479599999999664e+03
6.165123199999999997e+03
6.169822100000000319e+03
6.170173999999999978e+03
6.172277799999999843e+03
6.173096400000000358e+03
6.178431499999999687e+03
6.180704999999999927e+03
6.182621699999999691e+03
6.187135000000000218e+03
6.188125100000000202e+03
6.191905300000000352e+03
6.198222700000000259e+03
6.200432499999999891e+03
6.201100199999999859e+03
6.203492500000000291e+03
6.207220099999999547e+03
6.212503099999999904e+03
6.215938299999999799e+03
6.220011199999999917e+03
6.221319199999999910e+03
6.224527200000000448e+03
6.226369700000000194e+03
6.234855400000000373e+03
6.239712099999999737e+03
6.240953599999999824e+03
6.243120100000000093e+03
6.248405499999999847e+03
6.257423700000000281e+03
6.258606799999999566e+03
6.261064199999999801e+03
6.261418099999999868e+03
6.271544399999999769e+03
6.274116600000000290e+03
6.285278000000000247e+03
6.287255400000000009e+03
6.291191499999999905e+03
6.293242400000000089e+03
6.296872199999999793e+03
6.300916500000000269e+03
6.307657000000000153e+03
6.309159999999999854e+03
6.315774999999999636e+03
6.324397799999999734e+03
6.326366899999999987e+03
6.327277799999999843e+03
6.332511800000000221e+03
6.333145900000000438e+03
6.342859499999999571e+03
6.346120899999999892e+03
6.348232100000000173e+03
6.348737500000000182e+03
6.355910799999999654e+03
6.357022899999999936e+03
6.357677899999999681e+03
6.364893699999999626e+03
6.369574800000000323e+03
6.371943599999999606e+03
6.376930500000000393e+03
6.384716900000000351e+03
6.387395700000000033e+03
6.393797199999999975e+03
6.399206500000000233e+03
6.400696100000000115e+03
6.403012800000000425e+03
6.406446200000000317e+03
6.408903500000000349e+03
6.411899099999999635e+03
6.413614499999999680e+03
6.416307099999999991e+03
6.418370299999999588e+03
6.422896899999999732e+03
6.431555000000000291e+03
6.441899400000000242e+03
6.443859800000000178e+03
6.446771200000000135e+03
6.457282400000000052e+03
6.466552599999999984e+03
6.483082500000000437e+03
6.490737199999999575e+03
6.493197500000000218e+03
6.509050299999999879e+03
6.512363900000000285e+03
6.531341800000000148e+03
6.538112000000000080e+03
6.554160299999999552e+03
6.558875600000000304e+03
6.577214600000000246e+03
6.577655200000000150e+03
6.583905999999999949e+03
6.588539600000000064e+03
6.591484499999999571e+03
6.593462800000000243e+03
6.593939099999999598e+03
6.596114099999999780e+03
6.598677800000000389e+03
6.604853399999999965e+03
6.605416500000000269e+03
6.613373999999999796e+03
6.618166799999999967e+03
6.619945800000000418e+03
6.620966500000000451e+03
6.632083700000000135e+03
6.638220699999999852e+03
6.638911900000000060e+03
6.639740300000000389e+03
6.643697600000000421e+03
6.644663499999999658e+03
6.646540699999999561e+03
6.656938600000000406e+03
6.658677399999999579e+03
6.660676099999999678e+03
6.662268600000000333e+03
6.664051000000000386e+03
6.666358799999999974e+03
6.674696899999999914e+03
6.677281699999999546e+03
6.678706699999999728e+03
6.683367299999999886e+03
6.684292900000000373e+03
6.697712300000000141e+03
6.711252099999999700e+03
6.713970000000000255e+03
6.719199499999999716e+03
6.727458300000000236e+03
6.733748800000000301e+03
6.738180000000000291e+03
6.752833499999999731e+03
6.766611700000000383e+03
6.778312299999999595e+03
6.788840299999999843e+03
6.791235099999999875e+03
6.808531100000000151e+03
6.824677399999999579e+03
6.827248800000000301e+03
6.829035499999999956e+03
6.834924600000000282e+03
6.851884200000000419e+03
6.861268799999999828e+03
6.863534999999999854e+03
6.871289099999999962e+03
6.874752999999999702e+03
6.879582400000000234e+03
6.887088099999999940e+03
6.888174200000000383e+03
6.889303200000000288e+03
6.911226399999999558e+03
6.925009399999999914e+03
6.937664200000000164e+03
6.943610499999999774e+03
6.951477600000000166e+03
6.960250000000000000e+03
6.965430699999999888e+03
6.989655300000000352e+03
6.992212599999999838e+03
7.000803600000000188e+03
7.018567500000000109e+03
7.025225099999999657e+03
7.030251400000000103e+03
7.036283099999999649e+03
7.045796999999999571e+03
7.053619599999999991e+03
7.058489499999999680e+03
7.060041699999999764e+03
7.060653800000000047e+03
7.061394199999999728e+03
7.064451500000000124e+03
7.067218100000000049e+03
7.068735800000000381e+03
7.072393900000000031e+03
7.075333599999999933e+03
7.084168999999999869e+03
7.086704399999999623e+03
7.089339500000000044e+03
7.100514400000000023e+03
7.107477799999999661e+03
7.114398400000000038e+03
7.124560699999999997e+03
7.125819999999999709e+03
7.142331000000000131e+03
7.147041599999999562e+03
7.148558899999999994e+03
7.150284399999999550e+03
7.158838700000000244e+03
7.162556899999999587e+03
7.168895199999999932e+03
7.173372500000000400e+03
7.191132800000000316e+03
7.200045399999999972e+03
7.202516599999999926e+03
7.206980400000000373e+03
7.208006300000000010e+03
7.212689599999999700e+03
7.218054199999999582e+03
7.219151499999999942e+03
7.229938600000000406e+03
7.233536500000000160e+03
7.242091900000000351e+03
7.244696500000000015e+03
7.246127700000000004e+03
7.255354099999999562e+03
7.265172400000000380e+03
7.270663599999999860e+03
7.272935900000000402e+03
7.284903299999999945e+03
7.285443699999999808e+03
7.305404300000000148e+03
7.311715900000000147e+03
7.315066100000000006e+03
7.316005000000000109e+03
7.324807300000000396e+03
7.328284999999999854e+03
7.341151499999999942e+03
7.345399599999999737e+03
7.348052999999999884e+03
7.350814000000000306e+03
7.353292999999999665e+03
7.372118400000000292e+03
7.380426300000000083e+03
7.383980499999999665e+03
7.385500600000000304e+03
7.392980099999999766e+03
7.402252099999999700e+03
7.412336800000000039e+03
7.417790799999999763e+03
7.418549899999999980e+03
7.422311800000000403e+03
7.425294200000000274e+03
7.430253300000000309e+03
7.435368300000000090e+03
7.436296999999999571e+03
7.440493300000000090e+03
7.447848799999999756e+03
7.471164099999999962e+03
7.481354500000000371e+03
7.484326699999999619e+03
7.503869099999999889e+03
7.510408199999999852e+03
7.514651799999999639e+03
7.525507899999999609e+03
7.549313799999999901e+03
7.567741699999999582e+03
7.569511499999999614e+03
7.585792199999999866e+03
7.589315099999999802e+03
7.607823000000000320e+03
7.618344299999999748e+03
7.625705299999999625e+03
7.627174899999999980e+03
7.628881800000000112e+03
7.630310599999999795e+03
7.635105999999999767e+03
7.647379399999999805e+03
7.652320200000000114e+03
7.658324599999999919e+03
7.660890300000000025e+03
7.670057499999999891e+03
7.676219500000000153e+03
7.678126699999999801e+03
7.685307499999999891e+03
7.704816899999999805e+03
7.710269199999999728e+03
7.728951000000000022e+03
7.771946799999999712e+03
7.782316499999999905e+03
7.787800199999999677e+03
7.788934199999999691e+03
7.814323000000000320e+03
7.817766899999999623e+03
7.841791100000000370e+03
7.847539399999999659e+03
7.861909999999999854e+03
7.865969799999999850e+03
7.868194599999999809e+03
7.886283000000000357e+03
7.891074999999999818e+03
7.900319999999999709e+03
7.916442000000000007e+03
7.941725900000000365e+03
7.948176400000000285e+03
7.956974000000000160e+03
7.972595999999999549e+03
7.978973100000000159e+03
7.987973100000000159e+03
8.006156699999999546e+03
8.017527500000000146e+03
8.037218300000000454e+03
8.046116899999999987e+03
8.053308500000000095e+03
8.075651799999999639e+03
8.085219000000000051e+03
8.089485200000000077e+03
8.093623800000000301e+03
8.094055900000000292e+03
8.103693100000000413e+03
8.119181099999999788e+03
8.129405099999999948e+03
8.138475300000000061e+03
8.143137999999999920e+03
8.159727700000000368e+03
8.163121000000000095e+03
8.169786500000000160e+03
8.186911299999999756e+03
8.252393599999999424e+03
8.259511000000000422e+03
8.275626599999999598e+03
8.295549699999999575e+03
8.297176499999999578e+03
8.311630600000000413e+03
8.320855400000000373e+03
8.330449399999999514e+03
8.358726000000000568e+03
8.367393599999999424e+03
8.369340399999999136e+03
8.384724000000000160e+03
8.408209600000000137e+03
8.416726899999999659e+03
8.417998199999999997e+03
8.421225399999999354e+03
8.445486999999999171e+03
8.446511599999999817e+03
8.464236699999999473e+03
8.478358000000000175e+03
8.490306500000000597e+03
8.539792999999999665e+03
8.554943999999999505e+03
8.573120500000000902e+03
8.591838700000000244e+03
8.604016299999999319e+03
8.605776200000000244e+03
8.620460199999999531e+03
8.639441600000000108e+03
8.645308699999999590e+03
8.687847999999999956e+03
8.709234099999999671e+03
8.732424000000000888e+03
8.748030899999999747e+03
8.758243399999999383e+03
8.760449599999999919e+03
8.761686200000000099e+03
8.766745000000000800e+03
8.771860199999999168e+03
8.772805200000000696e+03
8.775573300000000017e+03
8.784562099999999191e+03
