   9999.60927913    34
   9999.42870807    46
   9998.95902538   260
   9998.50859747   130
   9994.48111914    36
   9993.86217691   140
   9993.36877065    52
   9992.64757613   280
   9991.84313418    31
   9989.93625104   170
   9988.02825821    81
   9987.63435498  4900
   9985.04926567  2300
   9974.68843397   670
   9973.08870757    68
   9970.46173960  1200
   9963.49036915   480
   9958.05515233    89
   9957.52428622    65
   9957.17759019    38
   9955.77549022    52
   9952.36951338   570
   9948.16648256    45
   9947.07636803    88
   9943.06417548   770
   9939.96068664    55
   9938.83550161   150
   9935.19856735   370
   9934.71673794   150
   9932.77383453    67
   9930.04272475   310
   9929.80890813   240
   9927.32418157   220
   9926.17590279     0
   9923.29910249    66
   9923.31488821    66
   9919.44445722    49
   9916.11942840   110
   9913.62281505    78
   9912.19894096   160
   9911.11226548   700
   9910.83613032   140
   9910.07438677  4500
   9907.47112232   180
   9906.94384523    51
   9904.98662568    47
   9904.76684525    57
   9902.35614860   620
   9898.92430871    40
   9898.35244370   180
   9897.74874732    35
   9896.04750839   530
   9892.18213599     0
   9890.52768438    36
   9888.82107690     0
   9887.81240027    35
   9880.78485486    91
   9878.51965877    59
   9876.69132427    33
   9874.78260157    31
   9873.81438397   640
   9872.62897523   110
   9871.99383736   220
   9869.93692481     0
   9868.91966050   170
   9867.88943971   200
   9865.44801136   120
   9864.59668208   180
   9864.09104912    85
   9863.86940918    57
   9862.12797113   530
   9855.74137196   660
   9845.68281789   140
   9840.91643960   100
   9838.00413884    97
   9837.25282245    36
   9834.00664217   230
   9833.42234551 32000
   9832.04443393    68
   9831.66820589   200
   9830.70064809    53
   9826.44876935 24000
   9819.17724091   120
   9817.03868045   140
   9814.95690460   120
   9813.14806479    73
   9812.69683007  9900
   9801.70670530    76
   9800.58050049     0
   9800.36268952   130
   9797.24486441   120
   9796.19948770  2100
   9795.64161887    36
   9794.82489020    35
   9789.51025039   270
   9785.35193723   110
   9782.14031753    41
   9780.78472487    45
   9779.45270583   140
   9778.41776628    32
   9769.53379366   170
   9764.60508923    57
   9757.21864078   150
   9754.01207967    61
   9753.59143365   320
   9746.46208751 27000
   9743.56071169  1000
   9743.15641125    32
   9738.62138010    91
   9736.21157308   150
   9734.70091242    49
   9732.33007483    47
   9731.99655521    32
   9718.65875926    52
   9718.49124465   210
   9716.14105146   190
   9702.27129957   660
   9701.57569805   110
   9700.61032962   320
   9700.56233463 15000
   9695.03043152   270
   9687.57170247    40
   9685.67643599  1200
   9684.79919368    51
   9683.73234274    39
   9682.40299292    74
   9678.23004357    74
   9676.94334220    44
   9676.83572136   470
   9676.10269997   270
   9674.79074544   370
   9670.79640768    92
   9670.75435908    35
   9666.37974435    75
   9666.14299849    34
   9664.69752013  8300
   9663.64271592   180
   9663.06506243    33
   9660.08235057    35
   9656.44075722   160
   9652.00041028    52
   9651.51595154   180
   9643.64417428    54
   9643.14259018    46
   9642.47686055   270
   9636.90107121    56
   9632.64307484  7900
   9630.74323956   110
   9629.56851782  4600
   9629.22499090    50
   9627.66990221   110
   9625.73310695    41
   9625.19771200   500
   9623.40723709    69
   9620.99478069   440
   9619.21686237   120
   9613.69060957   870
   9613.65470929   200
   9611.34510502    40
   9608.93453809   130
   9608.48621955   450
   9607.53456737    71
   9605.80563578    59
   9595.38985761   530
   9590.34245503   160
   9588.80635118    57
   9587.02683327   200
   9583.07900279   200
   9582.81259497  1100
   9577.34673573   210
   9571.50118934    82
   9570.40133730    91
   9567.82820438   250
   9567.27969297   170
   9565.55831930   150
   9563.69854312     0
   9561.24445795  4500
   9560.53899906    44
   9560.22900304    43
   9559.92233612    37
   9559.60661165    43
   9558.33339656    44
   9553.98424476   270
   9548.02960787   290
   9536.40637657   150
   9519.79433663     0
   9514.79790011   430
   9510.94561364   100
   9507.65183587   330
   9505.39217797  3300
   9504.21520679   490
   9501.43720930    79
   9500.29917758   520
   9500.05418394    77
   9497.18823827 23000
   9496.11165189    31
   9495.49725032 15000
   9494.04340214    46
   9493.86424067    41
   9490.86016441    31
   9486.92493037   640
   9483.84295521     0
   9482.45595091    30
   9482.29127552   230
   9482.24809721   150
   9477.26385731    32
   9474.91961230   180
   9474.87861041 18000
   9471.29479416    37
   9470.68118937  6800
   9467.19477473  4800
   9461.89442042    43
   9461.20641678  1000
   9461.02710135  9700
   9460.86919812   550
   9458.62500600   120
   9456.02111130    69
   9455.32549972     0
   9455.20163327   320
   9450.46012757   110
   9446.98845791    81
   9441.96765784    59
   9441.62797985    41
   9439.85608978     0
   9436.81185433   340
   9435.12255189    49
   9432.58299974    46
   9432.28199127   270
   9431.59878632  3400
   9430.91550139    48
   9423.84298701    41
   9422.93278354    40
   9422.31320135    49
   9420.61980001   150
   9420.49757312    48
   9417.45647680   110
   9414.08791917   360
   9413.67567082   120
   9410.69252880    36
   9409.34826289  1800
   9406.89198816    63
   9405.27541600    68
   9405.19726717    35
   9402.41832983    54
   9399.08838672 43000
   9398.13868894    33
   9396.66566789    44
   9394.10040267     0
   9393.77446095    34
   9392.26379010    86
   9392.02032604    31
   9390.71519952    37
   9390.58448492   660
   9388.93018297  1300
   9384.09975123    51
   9383.27147556  3900
   9383.11144890    52
   9380.64308742    46
   9379.72839515    82
   9379.27669748    93
   9378.53384867   770
   9376.78385263    32
   9374.66248717    31
   9374.05062288    41
   9370.65166342    43
   9366.79656750    71
   9366.74536137     0
   9362.64359225    90
   9362.58304864    32
   9362.32588829    35
   9360.98715086   180
   9357.24584410    78
   9355.99024415   120
   9349.25183907    52
   9346.63373811    43
   9344.20719527   150
   9344.09325613   160
   9340.70449387  2400
   9338.76705857    46
   9336.44591717    38
   9336.16167415   210
   9327.24546880    95
   9326.30177436    57
   9323.03940785    81
   9322.75998352    35
   9320.07112170   130
   9319.92282186    84
   9317.72873604   800
   9311.03357915    87
   9310.44345896   520
   9307.89504908  1600
   9300.01240374   220
   9294.97345829   330
   9294.32103497    31
   9292.25786368    87
   9289.56174378  6800
   9287.57815094   170
   9286.38021534    56
   9277.16306130    54
   9276.49222296   460
   9276.27246847  4800
   9274.71761351    38
   9272.82422622    47
   9271.17916169   110
   9270.14955050   770
   9267.68903679   230
   9267.08680986   290
   9267.06756507   180
   9266.91901530  1900
   9266.20624931 10000
   9263.68236175   130
   9260.32478094   370
   9253.23543063    43
   9252.86113199    46
   9250.57783026   150
   9249.90564228    94
   9249.86904219   220
   9248.11799634    60
   9245.25491161   150
   9245.22739906   430
   9243.75981646   150
   9240.21587608    48
   9239.59965294    62
   9239.32557715   270
   9237.56499388   120
   9234.39790146    55
   9233.85686795   590
   9233.27319600   130
   9232.49525665   500
   9230.60564830    57
   9229.21743420    57
   9227.88586475    57
   9227.51134616  2600
   9227.03302568   110
   9222.33862679   180
   9221.43200228   390
   9218.84190360   110
   9215.91914499   650
   9213.66974405    31
   9213.66727472    31
   9208.58049205   400
   9208.02437263   160
   9206.82909627    38
   9203.96100085 37000
   9201.73047679   610
   9199.68342105   400
   9197.25459868    58
   9193.59216033   520
   9191.69446414   110
   9188.51681452   110
   9187.56496224   290
   9186.36048836    53
   9181.89652700    44
   9179.82562770    40
   9178.77882112  1000
   9176.96660179   110
   9175.07369430   110
   9171.27382311   110
   9170.82142560   360
   9167.82747621    63
   9167.79457511   210
   9167.47876062    53
   9165.89458953  2000
   9165.01250835    36
   9164.27361840   210
   9164.05617728     0
   9157.42147359    55
   9156.92446815    46
   9156.18716777   120
   9155.94450347    51
   9155.29653890   120
   9153.36574165    83
   9152.77503158    38
   9152.78039013    38
   9141.81513886    40
   9141.76439260    68
   9141.36825984   100
   9141.25854955    50
   9140.55537992  1500
   9137.73070466    81
   9135.93692030   590
   9134.69130753  1100
   9132.27339214   360
   9130.96811552    50
   9129.67980431   130
   9129.18176914   150
   9126.32844163   160
   9124.51895151    84
   9123.40793230    50
   9119.63556359  1300
   9119.65289889  8400
   9118.43282920    32
   9118.13760912   180
   9113.45390712    68
   9113.22892803    50
   9112.66969943    85
   9111.53057781   140
   9110.97934705   100
   9109.79339811    38
   9109.31344804    84
   9107.80070758   100
   9107.65384734    47
   9107.37646243   240
   9107.22644304   670
   9105.46803908    65
   9103.97584305    42
   9103.34140481    36
   9103.16943136   100
   9101.08184652   210
   9099.37952737   100
   9097.93817757    55
   9096.80983303    42
   9095.73122503    56
   9094.88003546   160
   9094.82820649  4500
   9090.81814508   890
   9090.44624576   140
   9084.52526865   140
   9082.32172517    67
   9076.19545362   110
   9075.00080702   220
   9072.97049664    47
   9072.27796411   260
   9069.58143408   200
   9067.88023460    47
   9067.67170105    94
   9067.24796576   120
   9066.11115350   260
   9063.95927602  2600
   9062.90809058    94
   9062.56258411   450
   9061.68211246    59
   9059.27638369   140
   9058.25851923   110
   9056.07888926   150
   9054.31968547    93
   9053.48493144   620
   9053.25523362  1100
   9048.52441424   400
   9048.24947867 24000
   9046.97408391   140
   9046.71207484   100
   9046.29055894     0
   9045.35263283  1200
   9041.72030608    93
   9040.12250859   670
   9039.28409555    93
   9038.94449747    93
   9038.69037626   200
   9037.89321205   790
   9034.49755122    93
   9032.61756012     0
   9032.47120973   140
   9031.81882633   990
   9026.63238024    51
   9026.16220751    93
   9026.01299390    93
   9016.58972863  2400
   9014.36050204    49
   9013.97510636    97
   9013.97481644    97
   9013.58582173    46
   9012.52565870   740
   9011.51493228    83
   9009.88246416   440
   8999.52401795    76
   8997.87591405   770
   8996.77383236    50
   8995.18829152   410
   8994.46061848    92
   8991.05614998    46
   8990.89279419   300
   8990.47759657   110
   8987.40738759   530
   8985.28011338   210
   8983.74277948    92
   8982.13899358    91
   8980.73847265   240
   8980.60904768    76
   8979.70318287   160
   8978.88801351    67
   8974.88898590    42
   8969.86602543   950
   8967.63978499 19000
   8967.00110085   290
   8965.09487679    51
   8964.99005516    51
   8964.05349865    88
   8962.89322269   130
   8962.20633860   140
   8959.28530920    62
   8957.98544102   410
   8956.51193983    53
   8955.84600507  1200
   8954.79723392    42
   8952.14724115    88
   8949.12195995  1100
   8948.42094968   170
   8942.51294869    86
   8941.65976960   220
   8935.82745810    42
   8935.24357612    42
   8933.36771382    42
   8930.01580099    85
   8929.85737387     0
   8928.60311333   130
   8928.39777890    78
   8928.09243154   400
   8927.72924983   190
   8924.24578260    84
   8919.77275318    73
   8918.73018534    38
   8918.57553719    38
   8917.50955569   230
   8914.84293737    73
   8912.89738391    73
   8912.77358741   120
   8910.85596639   420
   8907.03401074   220
   8907.03221123   220
   8906.94962358   120
   8903.83311700    62
   8902.82883879    68
   8902.21374526    42
   8900.91131773    67
   8893.53884293   430
   8892.98583259  1400
   8892.76617204    61
   8890.27954498   160
   8889.97958616    61
   8889.19354888   550
   8887.74946968    42
   8882.51127726    55
   8881.90071249   160
   8880.88186821    42
   8877.75297495    30
   8875.23155729   650
   8872.41005084    30
   8872.22547079    75
   8871.98623553    87
   8871.98223661    87
   8868.83282889  4900
   8867.73736534    30
   8866.71406226   140
   8865.57551037   580
   8864.50835915    85
   8862.29003946    74
   8860.97556517    71
   8859.41072863    84
   8859.01761501   430
   8857.87443437    75
   8856.86946632    54
   8856.87292539    54
   8854.90775718   360
   8854.14161450    29
   8852.79059010   270
   8852.54811572    29
   8850.55504505    58
   8850.31509999   130
   8850.31140099   130
   8849.31480067   350
   8848.30411417   180
   8847.98813967   100
   8847.52739435    58
   8843.55893823    58
   8842.36854036    29
   8842.07409004   440
   8841.84731140   130
   8841.18281122  2400
   8836.13650675    88
   8833.46870866    58
   8829.69344023   220
   8829.46395233    59
   8826.30769640     0
   8821.75765761   130
   8820.42091933  1200
   8820.23037089   650
   8817.74243410   340
   8816.17254890   370
   8812.51020989   170
   8810.25373046   250
   8806.23075902    88
   8805.89863889   140
   8804.58889329   820
 

   8792.05659429  1200
   8790.37634893   190
   8784.56212212   370
   8775.57275440  3300
   8772.80490330  1700
   8768.19851964    96
   8766.74478297  1600
   8760.44928631  1200
   8758.24299325  7400
   8749.16944819  1100
   8748.03053833 10000
   8732.42500845  1000
   8709.23383268  3000
   8704.85964606   320
   8687.84777830   590
   8686.09260312   170
   8665.48516387  6700
   8655.87587731   750
   8645.30859585   910
   8639.44153292  1500
   8638.36209491   660
   8621.32271903   330
   8616.22156385   700
   8593.10847559   610
   8591.83861906   440
   8577.27673768  1400
   8573.12028387  7500
   8556.32469448  1300
   8554.94373297  2800
   8539.79280362  1500
   8519.33144930   690
   8516.55434034  1200
   8510.62376419  1600
   8500.67926351   350
   8496.74232817    98
   8496.70435844   330
   8496.46031444   500
   8478.35767081 15000
   8465.67047062   520
   8464.23651838  2300
   8456.34719172   130
   8446.51137736 16000
   8445.48693237  6300
   8421.22519259 11000
   8417.99797118  3900
   8416.72675190 21000
   8411.91705536   690
   8403.79633104   730
   8399.25771818   440
   8388.53610700   840
   8387.10515388   400
   8379.22605412   430
   8369.34183643  1400
   8367.39368313  1000
   8366.07419986  1000
   8358.72523668  1700
   8356.06961463   280
   8341.47713965   310
   8335.70685960   280
   8330.44934390 26000
   8320.85538447  9600
   8311.63089810   680
   8297.17643245   620
   8295.54979516   640
   8292.52702226   650
   8291.87942731   500
   8288.41455391   350
   8275.62654062  5900
   8261.01435029  1000
   8259.51204636   630
   8253.61562012   540
   8252.39356043  4200
   8234.93834833   180
   8234.34878767   130
   8231.40708276   880
   8227.47208630   420
   8214.14730761   600
   8209.44573829   230
   8207.47876989   520
   8202.14688090   460
   8186.91144337 12000
   8169.78665629  3000
   8163.12111758   460
   8159.72775459  6800
   8149.70247374   160
   8143.13807962 12000
   8139.90227201   150
   8138.47540758  3200
   8137.93649321   380
   8129.40522252  1800
   8122.72374396  1100
   8093.62382186  4400
   8092.23748144   330
   8089.48554499   370
   8085.21910674  1700
   8075.65213261  1200
   8062.63080070  1400
   8036.82891151    95
   8032.43137353  6200
   8030.20024028   900
   8025.72673081   550
   8024.25313891   480
   8022.20161313  1300
   8000.04508853   450
   7993.68070476   820
   7991.36533321   430
   7987.97301957  1600
   7981.22631202   280
   7978.97302368 27000
   7974.15914101   700
   7972.59578330  2200
   7954.59233123  1100
   7941.72590146  1800
   7937.73341981  1500
   7900.32000447  1700
   7899.62292273  1200
   7894.78945809   600
   7886.28293937  2700
   7865.96990096  3500
   7864.02161708   490
   7848.45453079  1100
   7847.53925395 15000
   7842.26523210   610
   7841.79094017  2100
   7834.45776032   620
   7817.76982736 13000
   7810.62435570   270
   7798.35763775  3300
   7788.93404207  7000
   7787.80016821   660
   7782.31639877  1100
   7778.49198130   350
   7771.94583864   750
   7761.71372107   140
   7747.42911744   180
   7742.56276117   710
   7731.73814332   550
   7728.95081476  1300
   7721.20175759   490
   7713.93757848   600
   7710.26887080  1600
   7709.60181886   140
   7709.55224225   260
   7703.68474607   480
   7699.40286188   310
   7693.80142385   300
   7691.77073198   370
   7685.30718661   740
   7683.01835440   220
   7678.12628484  2000
   7676.21961947   370
   7667.02291172   150
   7666.56772458   500
   7660.88997701   930
   7660.02410071   230
   7658.32421250  1500
   7654.69948780   710
   7653.82805299  1700
   7652.31991203  1100
   7651.74633483   380
   7651.00139589   210
   7647.37912950 15000
   7644.96454517   120
   7644.74084554   160
   7638.78028420   620
   7637.38531068   540
   7632.13077877   380
   7630.31026008  1900
   7627.17447235  3200
   7625.70503292  1800
   7624.31198886   140
   7620.07700175   630
   7607.82266075  1400
   7598.20677365  1200
   7585.79164183  7900
   7573.34354279   290
   7569.51117688   730
   7567.74140441  8700
   7566.52946143   480
   7565.85170431   420
   7549.31345666  3500
   7536.43866039   220
   7531.14355901   430
   7525.50752960  1800
   7523.13468978   740
   7518.78236400   360
   7511.79012041   830
   7511.34988918   390
   7508.47865379   630
   7499.00280016   300
   7493.42699236   200
   7487.97354552   750
   7483.62530851  2000
   7481.35420117  4600
   7461.87454585  3200
   7455.20781414   620
   7447.84848921  1200
   7444.74880229  1500
   7430.25299916  3900
   7428.94016126  7900
   7423.80400456   170
   7418.54961772  1200
   7417.79077139   480
   7411.73818880   330
   7404.70189649    83
   7404.25892596   120
   7403.98931867   190
   7402.25192424  2000
   7393.43773435  1100
   7385.50033095 12000
   7376.87705045  1600
   7372.10429753  1100
   7370.82451265   270
   7365.42574851   130
   7361.34715836   310
   7358.34498792   140
   7342.57674985   720
   7342.29936465   220
   7341.15137420  3000
   7339.60333161   340
   7335.57594756   200
   7329.49156813   480
   7328.28479851  3500
   7324.80709121  1100
   7323.21019178   210
   7315.06581571   480
   7308.64139985   320
   7305.40421264   560
   7298.14326026   410
   7296.26555650   440
   7284.90299485  4500
   7258.17678479   770
   7256.98594581   530
   7255.35386577   870
   7246.12740290   650
   7244.69637864  2200
   7242.09161078  1700
   7240.18491474   270
   7230.86227767   640
   7225.10954829   130
   7220.98035127   220
   7219.15109233  2300
   7218.05402003  6500
   7212.68944596  2900
   7208.00608326 14000
   7206.48276083  1400
   7201.80884856   350
   7200.04510193  2200
   7191.13248601  1200
   7188.53200687   330
   7176.72128990   370
   7173.37223246  1700
   7168.89484408 30000
   7167.20232520   500
   7159.94700041  1000
   7153.58753415   710
   7150.28422431  4100
   7148.55867930  1800
   7144.16918214   380
   7142.33096748   760
   7140.46225103   250
   7132.60962900   600
   7131.35686457   610
   7130.72344525   630
   7130.18400060   420
   7124.56032092  8300
   7114.39790413   510
   7113.98754469   170
   7112.91959344   220
   7109.85979986   330
   7109.18061986   300
   7107.46835120  4700
   7100.51426484   430
   7089.70712652   110
   7089.33931562   670
   7088.82346459   240
   7084.16884361 12000
   7075.33349892   850
   7072.39383087  1200
   7071.09375011   350
   7064.45141052  1500
   7060.65364761  3800
   7060.04123858  1600
   7059.52469773   300
   7058.48927666   670
   7054.41755352   420
   7053.61960847   620
   7045.79701571  1100
   7036.28293851  1500
   7028.02321336   190
   7026.46175394   170
   7023.52751429   360
   7021.28345873   430
   7018.56731132  9800
   7015.31723572   390
   7002.88268482   990
   7000.80350281  7800
   6993.03687656   860
   6989.65509734 31000
   6986.02897392   220
   6985.47169400   160
   6981.08268602   240
   6954.65612861   570
   6945.49005884  1300
   6943.61034600 14000
   6942.53788578   710
   6936.65290042   310

   6916.12867766  1400
   6911.22609164 25000
   6909.84937730   730
   6892.25081534   410
   6889.30326887   730
   6888.15951678  1000
   6886.40807830  1400
   6883.31454111   410
   6882.81076673   490
   6874.75272900  2900
   6874.09209384   260
   6873.05501302   130
   6870.72611996   500
   6868.45075247  1100
   6866.76328673   980
   6866.36625661   860
   6855.68967760   200
   6855.31535836   450
   6854.10876315   870
   6853.52361066   420
   6852.35455534   160
   6846.47879694   370
   6842.73431484   190
   6839.29445073   110
   6834.92435499  9800
   6829.03522308  4400
   6824.67728502  2300
   6823.50831964   580
   6815.61201487   170
 
   6812.77511838   290
   6810.54978729   330
   6809.31689910   460
   6804.73705167   160
   6798.48733361   390
   6796.78259238   160
   6791.23493733  1800
   6788.84009981  1900
   6787.73634684  1100
   6780.41287561  4300
   6778.31210392  3800
   6773.09800600   260
   6772.17425457   520
   6770.10683090   370
   6760.89273025   170
   6758.20351385   460
   6757.10883840   610
   6753.65907763   360
   6751.42671729   210
   6742.88418576   480
   6738.17984949   640
   6733.74869369   830
   6732.64896956   280
   6728.11820254   700
   6727.45811813  4400
   6719.19930804  1400
   6717.38459625   800
   6715.18841708   160
   6713.96977893  1500
   6711.25179613   840
   6703.89683474   140
   6697.71183856   970
   6696.13965149   700
   6694.49646351   350
   6694.00641534   320
   6692.72618972   330
   6687.51966026   230
   6683.36698830  1300
   6680.08114115   180
   6678.70634995  1500
   6674.69670947  3000
   6673.57974991   500
   6668.81629116   540
   6663.69649823   400
   6662.26839034 16000
   6658.67728822  2400
   6655.48906572   160
   6654.36742739   400
   6650.56044129   150
   6648.95815223   500
   6648.49545667   450
   6644.66990554  1600
   6638.91181413  1800
   6619.94570462  1200
   6618.16690296   870
   6617.51510824   340
   6605.41629167   840
   6601.13030415   160
   6599.48237727  5900
   6593.93892583 12000
   6591.48420786 21000
   6591.17958877  1100
   6588.53936767 26000
   6584.61280542   800
   6584.37244005   490
   6583.90564956 32000
   6580.22954395   310
   6577.65619584   650
   6577.21430764  5800
   6576.12204831   520
   6569.63221316   450
   6569.07423317    94
   6564.44429794   610
   6558.87509119  1100
   6554.16013075  6500
   6551.70538267   660
   6550.54806380   100
   6550.18664096   230
   6545.71865208   600
   6542.04941845   220
 
   6531.34158287 17000
   6522.04309631  1000
   6512.36365805  3900
   6510.99676544   190
   6509.05010567  1100
   6506.98688322  1100
   6503.51086748   430
   6501.99169579   860
   6497.49074550   240
   6493.19716945  1700
   6490.73693966  5200
   6488.88332982   370
   6487.48117466   380
   6485.37657127   140
   6474.79709443   420
   6471.21305758   430
   6467.67467844   310
   6462.61289866  4200
   6460.47487319   250
   6457.28227709 44000
   6455.26513312   230
   6452.05871471   170
   6450.95532120   540
   6450.00584633   920
   6446.77086558  1100
   6445.63969952   120
   6443.81953859   880
   6438.91559625   660
   6437.76836449  1900
   6436.66971969   120
   6428.77350125   210
   6424.81270541   460
   6413.61433401  2700
   6411.89891787 11000
   6406.44592082  2700
   6400.69543764   490
   6394.04963993   510
   6392.36852153   140
   6391.17713157   160
   6390.12907311   240
   6389.39189113   590
   6388.81343652   780
   6387.39541743  2300
   6379.67318175   440
   6376.93038149  6700
   6371.94342301  3000
   6369.13911124   800
   6363.27185715   220
   6359.67411345   490
   6358.62132621   480
   6355.91064225  2200
   6355.62980968   930
   6348.73730682  2600
   6346.12072355   710
   6342.85934844 15000
   6339.66828343   940
   6337.62005449  1600
   6332.51194827   210
   6331.41368321   990
   6327.27753894  6900
   6326.36670853  2400
   6324.39726740   240
   6317.18254477   460
   6315.77456885   890
   6310.81014590  1200
   6304.24246940   320
   6303.25058573  1000
   6301.41292915  5990
   6300.91622252  1100
   6293.24224296  1400
   6292.89101626   680
   6291.19132362  1700
   6289.48785098   300
   6287.25516042   520
   6286.04499533   200
   6285.27795127   630
   6279.16672199   790
   6277.23841969   580
   6276.16516782   820
   6274.11657780  2000
   6271.54417340  1000
   6268.20004816   190
   6261.41866963  8500
   6261.06404183  1100
   6258.60662151   550
   6257.42351811  3000
   6250.48576745   320
   6246.17364895   350
   6245.61846797   200
   6245.04066307   200
   6243.36118388   310
   6241.41898520   130
   6240.95337118  1100
   6234.85515803  3100
   6234.19574402   220
   6231.38126944   190
   6231.12302875   130
   6230.93447936   320
   6226.36955159  2300
   6224.52701911  7800
   6221.31907010   730
   6220.01115113  1500
   6212.71890824   850
   6208.68670438   650
   6207.21990002  9300
   6205.85998898   630
   6205.25655092   120
   6203.49229438 16000
   6200.43256550   370
   6198.22249858  9300
   6196.39649860   200
   6193.85650021   570
   6191.90512785  5900
   6189.14489455   320
   6188.12493524  6000
   6182.62149402 38000
   6180.70479932  2400
   6178.43130237  2800
   6169.82188044 18000
   6164.47934289  5700
   6163.72519523   200
   6162.96924806   200
   6161.35324164  1700
   6157.08766108  1100
   6155.58082135  2000
   6154.51607601   810
   6154.06814619  2000
   6151.99273300 10000
   6150.68293440   500
   6144.75808391   290
   6138.64633352   340
   6125.73894600   250
   6124.48038961  1800
   6123.83295727   650
   6120.55638618   610
   6116.16591386   730
   6114.53896026   820
   6112.83742666  1300
   6107.53357927  1600
   6102.59444002  4800
   6101.72489724  2300
   6099.08312578   830
   6098.12320323   980
   6097.19327264   130
   6090.44769978   140
   6088.03029511  4700
   6087.26216611  1000
   6085.37463232  2200
   6079.22257517  2100
   6078.42118708  1300
   6077.87270417  2200
   6077.10562188  1300
   6073.10355310   750
   6070.34093393   180
   6069.02048802   920
   6067.08042826   200
   6066.49667480   190
   6061.53548214   290
   6058.18128454   190
   6055.59325350   380
   6053.38067776  2100
   6050.98154505   640
   6049.05081873  5600
   6044.43263097   840
   6042.58949514   460
   6038.68028325  1600
   6037.69728580  7500
   6036.76204754   200
   6035.19215844   830
   6033.41289546   430
   6032.87246035   500
   6030.44478421  1500
   6029.64995430   250
   6029.22585800   450
   6026.04443091   220
   6025.77797235   240
   6023.22428695   440
   6021.41154292   250
   6021.03552872  5500
   6018.99392104   220
   6016.35882744   210
   6015.42177864   610
   6011.53352395   480
   6010.16029107  3200
   6007.07203091  4500
   6005.16483415  1800
   6001.73291008   190
   6001.20313109  1900
   6000.76200833   620
   5996.62958600   570
   5994.69019583   320
   5994.12855538 12000
   5993.49292675   250
   5991.00691808  4400
   5989.04466902  3700
   5986.26643066   470
   5976.20110133   120
   5975.06469489  7400
   5973.66458213 17000
   5969.73721366   620
   5962.17278085  3000
   5960.78038399   280
   5957.58855933   270
   5956.25927554   360
   5955.56162250   500
   5948.79907763   480
   5944.64722915  2700
   5942.35847043   310
   5938.82500021  6200
   5938.45676588  2700
   5937.66332748  1200
   5937.16190283   500
   5936.38603072   530
   5932.42719143   240
   5929.93416939  1100
   5929.48020102   200
   5926.23187033  3100
   5925.89192241   620
   5925.40337531  1600
   5921.96742386   120
   5918.94452273  1100
   5914.67070772  5600
   5914.38566508   930
   5913.36325898   200
   5912.10475614  5100
   5911.22958059   450
   5908.95732932   830
   5905.57051661  2100
   5904.15963457   310
   5902.60192185   480
   5899.84386968   930
   5896.78728546    95
   5896.36286315   350
   5895.28175275   540
   5894.69663948   400
   5891.45085491  3400
   5886.53118669   690
   5885.70146193  5200
   5877.78285989    73
   5874.35091909   170
   5872.60248737   360
   5871.18263665   680
   5870.55276635   580
   5869.85057441   700
   5868.37454972   430
   5866.81190823   330
   5863.71818478  1400
   5861.19173039   200
   5859.66878125   490
   5859.52565958   330
   5858.75387627   310
   5858.63753743   180
   5855.49894795   220
   5854.12041711  2000
   5853.47448609  1300
   5852.68079764  2600
   5845.91878642   550
   5844.79039558   150
   5843.80681297   590
   5840.64033687   700
   5839.85122417   250
   5839.59018807   220
   5838.94995950   470
   5832.37036128  1600
   5830.82711150   500
   5829.10956437   200
   5826.34789881   110
   5826.09430171   260
   5824.88784473   210
   5822.79332552   440
   5820.81236590    29
   5820.16901815   120
   5820.07650292   190
   5819.89931036   130
   5819.60264978   300
   5819.12673120    94
   5818.44921860   330
   5817.73423002   130
   5815.42174914  1200
   5812.97242488  1200
   5811.84195753   110
   5808.65583052    99
   5807.68135140   380
   5804.14096719 18000
   5802.09185775  3000
   5800.82939171  6000
   5798.47775424   450
   5797.31916539   570
   5796.06811329  1600
   5792.43014912  2700
   5791.70459834   240
   5789.64486769  3400
   5784.86257979   130
   5782.31363207   420
   5781.65878735   340
   5779.83496451   230
   5777.40026718   510
   5776.16706726   280
   5773.94611570  1500
   5771.75982686   380
   5768.18099770  2100
   5767.77834647   790
   5763.52873281  3700
   5762.79392647   490
   5760.55047688 53000
   5757.10298950   100
   5753.02625550  4400
   5749.78590464   870
   5749.38819407   830
   5748.74085830  2900
   5748.32121959   270
   5747.38490015   280
   5747.19292153   240
   5742.08362875   580
   5741.82871996  1700
   5741.17020317   460
   5736.02945875   640
   5733.09840303   220
   5732.97504604   710
   5727.71031071   340
   5725.58280395   170
   5725.38829999  5300
   5724.46363339   890
   5724.23716399   510
   5721.42399666   270
   5720.18256080 31000
   5719.62236968  6300
   5717.52451995   100
   5717.17092455   330
   5715.72392169   160
   5708.67936634   250
   5707.10323799  2900
   5702.65097705   300
   5700.91748279  2200
   5700.45824564   600
   5698.29349472   560
   5696.39018387   300
   5691.68500949    51
   5689.64657775   100
   5685.19200928  1100
   5679.00455727   320
   5677.05270832  1900
   5674.98622902   910
   5673.83585470   390
   5667.12786076  1100
   5665.62815185   580
   5665.17972478  4300
   5664.62096221   580
   5663.04175655   390
   5657.92521188  1900
   5654.02361525   340
   5650.35792551   370
   5648.99091706  1500
   5645.89483897   550
   5645.66874943   940
   5645.52468295   830
   5641.73422151   560
   5641.55744878   480
   5639.74622308  2800
   5635.87966695   230
   5633.29495804   800
   5630.29689965   740
   5626.73739134    91
   5626.06007243   110
   5624.91300911   270
   5620.91643761   120
   5619.97533922   550
   5612.06797218  2400
   5610.68104396  2300
   5606.38621308   930
   5604.51566211  1100




   5601.60303370  5000
   5601.13139677    24
   5600.46796412   580
   5599.65468151   590
   5595.84631750   330
   5595.06358273  4900
   5593.61113096   820
   5587.02635800 20000
   5583.76224942   620
   5582.86663879   330
   5582.36711230   420
   5580.07710735   530
   5579.35831946  4900
   5573.35352830 10000
   5572.46493377  3300
   5571.19138513  4900
   5570.92681584   370
   5567.99729274   720
   5564.20131716   700
   5559.89117396  2200
   5558.34229885  6600
   5557.04553837  4800
   5556.14896895   230
   5555.53143397   520
   5552.62276120   530
   5551.37194543   660
   5548.17586443  5100
   5542.89004877  2400
   5541.58155438   340
   5541.14636766   470
   5539.91052785  1700
   5539.26170121 14000
   5537.55629685   440
   5524.58253296  1100
   
   5514.87288378  3500
   5509.99353917  5400
   5508.55842151   540
   5507.53846595   700
   5504.30184048  2800
   5501.94338043   300
   5501.28147723   680
   5499.64747666   670
   5499.25511246 11000
   5496.13679233  2200
   5494.33048377  1300
   5493.20389966   970
   5492.64328439  2800
   5492.33185556   290
   5488.92506743   300
   5488.62863660   420
   5486.50231447   270
   5482.50161290   190
   
   5479.07455811   480
   
   5473.40840122   100

   5470.75903868  1400
   
   5464.20516172  1700


   5452.21857517  3800
   5449.47873067  1100
   
   5447.15358144  6500
   5440.60137068   680
   5438.13747844   310
   5437.38780857   690
   5435.89238777   930
   5434.15136254  1400
   5431.11174795  3100
   5426.40734472   370
   5425.67822434  1200
   5424.00775424  2500

   5417.48568109 12000
   5415.52252907  1600
   5410.76867287  3700
   5407.65347128  4900
   5399.17432817  1800
   5398.70130440  1300
   5394.76057903  4100
   5388.05073654   750
   5384.03550795   260
   5382.92741362   590
   5379.11033011  3300
   5378.83554543  1800
   5376.13035722  4200
   5375.76874370   610
   
   5375.35241478   680
   
   5374.82169938  1800
   5372.70257178   820
   5370.70926060   570
   5362.57507872   790
   5361.15555242   560
   5360.14984872  2200
   5359.82693886   420
   5358.70596590   380
   5355.63642476   420
   5354.60146784   220
   5351.12645783  1300
   5347.97123748   980
   
   5343.58110950 11000

   5326.97560143  4400
   5326.27725567  1000
   5325.43151123   630
   5325.14377796   840
   5322.89864671   380
   5320.76976444   290
   5318.42659931   280
   5317.49427193  1500
   5315.22762238   220
   5312.90431792  2200
   5312.52877106  3400
   5312.00159563  7300
   5310.26652530   670
   5307.46542221   890
   5306.98637995   520
   5300.52320327  1100
   5298.55988674   320
   5298.28236973  2000
   5297.74298355  2000
   5294.39700464  1300
   5291.81642465   810
   5277.50020120  1300
   5274.11862662  1800
   5266.71013038  4600
   5261.47190156   550
   5260.10410912  1500
   5258.36018392  9200
   5250.87276741   190
   5247.65455606  1900
   5240.19674346   640
   5239.55200926  1800
   5238.81368601  2100
   5233.22537110   990
   5231.15948556 15000
   5228.22451358   830
   5219.10984603  4400
   5213.34919574  2500
   5211.23026723  6900



   5209.72431541  1500
   5199.16374356  9200
   
   5198.79969053  3000
   5195.81356693  5100
   5194.45751912  1900
   5190.87199413   740
   5186.41301973   440
   5184.45331367   670
   5183.98952719   570
   
   5182.52687673   560
   5176.96104700  5000
   5175.32460479   900
   5174.79892478   410
   5168.92235768   410
   5161.53950657  2200
   5158.60412215 16000
   5154.24294133  7800



   5151.61178486  6000
   5148.21151413   910
   5145.03822894   530
   5143.91641959  2900
   5137.47323283   580
   5134.74586885  2100
   5128.48969414  1200
   
   5125.95022108  1400
   
   5125.48955270   650
   5115.04457966  6800
   5111.27816503  1200
   5100.62104302  3500
  
   5096.48470567  2700
   5095.06785867  1800
   5084.99349913   680
   5081.44601293   670
   5075.46594383   190
   5069.33903370   330
   
   5067.97373887 15000
   5067.13790821   510
 
   5066.13559382  1300
   5065.19244670  2200
   5064.94528644  4700
   5064.60195576  3900
   
   5063.51556274   590
   
   5061.65610733   600
   
   5059.86089483  2200
   
   5057.98641340   620
   5055.34728533   960
   5051.88855522  1300
   5050.78413195  2600
   5049.79603174  2400
   5047.04340879  2400
   5045.24871107  1500
   5044.71941883  9700
   5043.51452225   330
 
   5041.12234840   800
   5039.52625484   420
   5039.23024655  5300
   5029.89162975  1300
   5028.65551342  6100
   5023.70832878   440
   5022.00487168   850
   5019.80607927  2000
   5016.53573571   350
   
   5015.88931756   800
   5003.59798499   610
   5002.09700297  7800

   4989.30848302  1500
   4985.37230411  3700
   4982.48731081  1600
   4980.95126401   300
   
   4980.18593739  1300
   4968.76295275  1600
   4965.73147822  1300
   4961.72588247   780
   4950.62626127  1000
   4946.66379388  1000
   4945.45844806  6600
   4939.64199305  5600
   4937.82944049  1700
 
   4936.77516051  1400
   4933.85218686   650
   4929.98471402   400
   4929.08527290   460
   4927.78026348  1800
   4925.95005554   770
   4924.42220129   420
   
   4922.94415381   440
   
   4921.61334722  1000
   4920.01685217   750
   4919.81576857  5000
 

   4912.52919945   930
   
   4911.37881491   550
   4910.79268054   660
   4910.15757017  1000
   4902.79417022   590
   4902.05433365  1400
   4898.80445345   280
   4894.95485644 13000
   4893.44518621   590
   4892.75908434   520
   4890.45808617   390
   4889.49019610   530

   4881.20443647   910
   4878.73293746  7200
   4878.00931452  2200
   4876.49491546   860
   4874.36428095  2500
   4872.91675412  4400
   4871.28910510   710
   4868.88117613  1400
   4865.47741642  9200
   4861.71706930   820
   4861.21654012  1100
   4858.33273535   880
   4852.86839526  1300
   
   4850.43947972  1300
   
   4849.86152907   680
   4849.13992452   910
   4848.36240981  6000
   
   4845.16245979   820
   4843.94109983  1400
   4840.84271082  9600
   4832.80256869  1300
   4831.59755733  2500
   4831.12122168  7000
   4829.79723588   510
   4826.70033532  4700
   4823.99663445   940
   4823.60634796  2300
   4822.85472132  7400
   4821.58774236  1900
   
   4820.88430992  1700
   4819.19305848   690
   4818.64784308   580
   4813.89625323  2400
   4813.72034988  1600
   4813.00677912   690
   4812.37547654   750
   4809.61398885  3600
   4808.13363641 12000
   4803.95598921   200
   4800.17231248   360
   4795.91309178   660
   4793.24451930   700
   4789.38669409  5700
   4787.14784563  1100
   4786.53091918   720
 
   4783.86163080   860
   4782.76112854   500
   4779.72851343   540
   4778.29380774 10000
   4777.19165489  1100
   4775.79406635   810
   4775.31279291   620
   4773.24086210   580
  
   4766.60037112  3100
   4765.59476864   920
   
   4764.34628952  2700
   4761.11006717   640
   4752.41393162  2100
   4749.97128886  1300
   4749.20012720  3600
   4740.95840988  1200
   
   4740.52916060  1500
   4739.67624657  1600
   4730.09183065   180
   4729.87937193   410
   
   4729.12814492  2900
   4723.78345666  2000
   4723.43813213 14000
   4722.08859558  1400
   
   4721.27649168   970
   4720.46049781   520
   4718.61629527   370
   4712.84082488   600
   4712.48144006  1900
   4708.29387903   990
   4703.98970083 18000
   4695.45423890  1000
   4695.03801710  4900
   4690.62190431  1500
   4686.19452643  4600
   4680.64594928   500
   4680.23766736   730
   4676.05548940  2700
   4675.37588129   470
   4673.66087323 15000
   4669.98419738  3600
   4668.17159112  2500
   
   4666.79837456  1600
   4666.51580834  1400
   4666.00500453   770
   4663.20255521  3200
   4659.56990755   490
   4651.98946348   680
   4651.55519838   790
   4650.23429789   930
   4643.55647473   400
   4640.04607346   750
   4638.68476060  1400
   4631.76155505  1300
   4628.20136678  1200
   4627.29784177   660
   4624.31390402   310
   4620.44761760   300
   4620.24084229   360
   4615.33398999   830
   4615.02400197   740

   4613.60437740   670
   4608.61995649   640
   4607.93472668   820
   4603.14455329   990
   4596.30783089   590
   4595.42060646  8700
   4593.64373522   670
   4592.66601269  2800
   4589.26673233  1400
   4588.42607456  3800
   4581.17319174   720
   
   4579.82704955   890
   4573.70367597   330
   4571.21953249   630
   4570.97213287  3400
   4568.14246567   650

   4567.24017111  2000
   4564.83535260   560
   4561.34767120  1300
   4555.81259071  3100
   4552.15346048   810
   4547.24968600   690
   4545.91562642  2900
 
   4544.51403868   450
   4540.99891123  2300
   4535.25455454  2000
   4534.11966429   680
   4533.30410970   860
   4533.07690871   800
   4530.31905809  1100
   
   4521.19375196  3200
   4519.25921879  1200
   4515.11815224  5400
   
   4513.67991199  1100
   4513.22300263  1100
   4505.21658644  1400
   4499.98319398  2400
   4498.96731614   640
   
   4498.94004234  3100
   4493.33360720 28000
   4489.66454161  1300
   4488.68077125   970
   4487.49537410   920
   4486.89719097  3700
   4483.34676096  1500
   4482.16910075  2900
   
   4478.59571272   660
   4475.22131513  2000
   
   4474.78360862  7400
   4469.52525604  1500
   4465.34060008  1300
   4463.83478734   550
   4463.66578892   590
   4461.52767597  3000
   4461.24105359  2300
   4458.73837178   360
   4458.00148617  4000
   4455.86764903   350
   4452.56540907  2900
   4450.80389468   490
   
   4447.83461782   630
   4445.90106977  3100
   
   4445.31568215   590
   4445.03368652   630
   
   4443.66552234   550
   4443.08634008   290
   
   4441.60859479   340
   
   4440.86595563   800
   4440.57358273   710
   4439.12354511   590
   4438.74623261   790
   
   4438.09069747   140
   4433.49059045   490
   
   4432.96267965  1700
   4432.25220698   940
   4423.72012645   670
   
   4422.04784731   920
   4421.54265049   490
   
   4416.84471890  1000
   4416.23683914   460
   4414.48627057  2100
   4412.89283057   620
   4412.73921106  1300
   4409.89896567   230
   
   4408.88270052 10000
   4408.48257298   520
   
   4402.92699512  5200
   4401.58105981  2500
   4396.47833645   370
   4393.75890300   670
   4392.97388385  1800
   4391.11040084  6100

   4381.86001788  5000
   4381.40163863   980
   4380.28633243   510
   
   4378.17673214  6800
   
   4374.12371671 10000
   
   4369.87557760  2300
   4367.41797185   420
   4367.28606159   330
   
   4365.92994374  3800
   4359.37181074  1500
   4358.31996771  1200
   4357.61316382   420
   4353.44851838  2700
   4352.61205361   680
   4349.07206562  2700
   4346.43658645  2100
   4344.32645194  1600

   4343.38158068   270
   4342.44402348  3800
   
   4340.89526516  1500
   4338.10761894  1100
   4337.27719551  5700
   
   4333.55398747   550
   
   4330.84372078  2100
   4328.91522831  3400
   
   4325.27403653   930
   
   4318.41573118  1800
   4315.25417401  4300
   4312.99794461  9700
   4311.79952190  1400
   
   4308.12184940  1700
   
   4307.17600822  3800
   
   4299.83918809  2200
   4297.30645424  2000
   4295.58484703   510
   4294.71914471   490
   4291.80976984  1800
   
   4288.66875584  1400
   
   4286.22835756   770
   
   4283.51825016   680
   4282.04118853  4500
   
   4281.41441333   770
   4281.06770448  1200
   4280.56788590  1700
   4277.31379144  6000
   4276.80709465   970
   
   4273.35735156  2200
   4272.87433854  1800
 
   4269.94251923   980

   4260.33288503  1500
   4258.52031639  1800
   4257.49607456 11000
   4256.25356708  2800
   4255.23649836   800
   
   4253.53840059  1900
   4250.77470681   640
   4250.31443275 13000
   4248.39071322   870
   4247.59876130   440
   
   4241.09466611   590
   4240.59473145   290
   4235.46339841 12000
   
   4230.42654243  2000

   4229.14767032  2600
   4227.38707073  1900

   4224.24124690   440
   4223.44029725  1000
   4220.06492364   940
   4214.82828768  1800
   4213.06708110  2100
   4210.92297504 16000
   4210.76471159  3600
   4208.89049764  3200
   4208.41058363   740
   4204.04123067   870
   4203.88391197   320
   4200.68478173  5003
   4194.93593863  2300
   4193.01622446  2900
   4192.36179621   840
   4191.02761635  3000
   4189.63561165    76

   4184.13736444   590
   4179.95993053   900
   4179.71483483  2400
   4178.84783630   970
   
   4178.05959911  2400
   4170.53307559  7300
   4168.63398175   740
   4165.76601500  5500
   4162.50879830  1600

   4150.08889421  1300
   4149.98683197  1500
   4148.18143533   930

   4143.64886565   960
   4142.70083218  3500
   4142.47387168   740
   4140.23485862  1500
   4138.04040386   700
   4134.06781013  4100
   4132.75310971  2200
   4131.71179263   970
   4131.00194567  5600
   4127.41175956  3400
   4116.71352283  4500
   4115.75879296  3400

   4112.75425610 18000
   4110.82591526  1900
   4109.32323890  2200
   4108.41971558  4800
   4107.05048424   920
   4102.61761532  1600
   4100.34113954 15000
   4098.93258043   800
   4098.73137913   960
   4097.74708190  5700
   4096.07573859  1600
   4094.74686657  6100
   4093.67106229   670
   4089.13781828  2100
   4088.72634302  1600
   4087.28455051  1500
   4086.52034059  7500
   4085.43395502  2600
   4085.04201763  3000
   4083.46850158  2600
   4081.36754958  2300

   4075.50273677  3200
   4073.85603577  1100
   4072.00270084   700
   4071.75112668  2000
   4070.23802968  1400
   4069.46108602  2200
   4069.20129401  3400
   4067.45048219  2300
   4064.33148838  2000
   4063.40686033  4300
   
   4059.25268729  4000
   4053.52749513  4100
   
   4050.88695588  2400
   4049.94443243  1800
 
   4043.39460561  6200

   4036.04759297 24000
   4034.24607804   540

   4032.59498976  2300
   4032.45295690  1800
   4030.84217206 15000
   4030.29181195  2100
   4029.82533391  1500
   4029.65721787   890
   
   4027.00889025  4300
   4025.65550407   620
   
   4024.80216315  1900
   4019.12871019 20000
   4014.71614248  1700
   4012.49497097  9500
   4011.73957638  2900
   4008.21004972  7800
   4005.09261830  3000
   4003.30852445  1200
   4001.89313625  1600

   
   4001.05784248  3800
   3996.06158772  1100
   3994.54919279  3900
   
   3992.04554677   950
   3991.73058903  1900
   
   3990.49194156  1900
   3987.20527097   920

   
   3973.19582910  2900
   3969.00250380  1200
   3967.39202419  6300
   3959.29977629  2900
   3956.69051721  2100
   3955.89014607   880
   3955.16985403  1200
   3951.51474777  1000
   3950.39503992 42000
   3948.13440973  1100
   3948.03029089 15000
   3944.25324226   660
   
   3932.91098164  9200
   3929.66909605  9100

   3925.09319921  6800
   3923.79935255  2500
   3919.02324170  4600
   3916.41738399  4200

   3911.52262682    76
   3911.36301842    36
   3910.97697903   260
   3910.77340209   280
   3910.62188158   120
   3910.52088790   130
   3910.24839892   120
   3909.99117596   240
   3909.13870813   600
   3908.97909972   360
   3908.74917964   400
   3908.48810768    41
   3908.01259160   180
   3907.90623932    74
   3907.54293400   230
   3907.35399324     4
   3907.33506817   140
   3907.15998380   210
   3906.82803030    41
   3906.03301748    41
   3905.80996561    32
   3905.35640380   180
   3905.18624814   720
   3904.20076494   140
   3904.08248576   720
   3903.76418870    27
   3903.48136240   290
   3903.31579554   490
   
   3903.10214122  3000
   
   3900.87818070  2100
   3895.41892303  7000
   3886.91576395  5600
   3886.25609976   330



   3874.86171690 10000
   3874.24361783  4400
   3873.82211757 12000
   3873.47381625  4000
   3873.14760118  1800
   
   3869.66312031  2400
   3863.40554913  2600
   3859.83937727  1800
   3856.35430419   810
   3852.13510204  3500
   3839.69500619 16000
  
   3837.87492256  8600
   3836.58495704  5200
 
   3830.77337230  3500
   3828.38447544 14000
   3825.13279483  2400
   
   3825.03387055   690
   3820.79224319  2600
   3818.68526086  2200

  
   3803.07488738 24000


  
   3790.79482710  5000
   3789.16762966  8200
   3780.96590424  4300
   3771.37056096  7200
   3766.08082272   420


 
   3756.89235669    24
   3756.75817150    51
   3756.45218087   150
   3756.29393193   930
   3755.98656166   400
   3755.88358837   140
   3755.50062771    66
   3755.21195260  1800
   3754.84098882    24
   3754.59278321  1200
   3754.03048906  1200
   3753.24172365   820
   3752.79021077   230
   3752.56869822  3100
   3752.26395727    25
   3751.75913820   190
   3751.12490270   380
   3751.02166548  2000
   3750.69522414    58
   3750.65972335   300
   3750.49366642   960
   3749.61799353   640
   3749.51560009   210
   3749.12279196    94
   3749.08405801   630
   3748.82179002    74
   3748.28381954   260
   3748.22427498    50
   3747.70969843    47
   3747.53892272  1200
   3747.27116216    23
   3747.17132805    59
   3747.01321905    65
   3746.93001063    10
   3746.22911239   120
   3745.97031950  1900
   3745.65899023  1000
   3745.17597549   370
   3744.91062430   310
   3744.73643946   300
   3744.65410082   120
   3743.89542754   370
   3743.80448113  2400
   3743.80680052   160
   3742.92321963  7400
   3742.27581750    81
   3742.23025931   120
   3741.88381914   120
   3741.37434124   220
   3741.18288088 14000
   3740.85494591   460
   3740.73024824   100
   3740.51607377    61
   3740.41237065    83
   3739.68434941    98
   3738.84328746   590
   3738.75986909    68
   3738.73939440   210
   3738.70151422    94
   3738.35738344   130
   3738.10191967   180
   3737.64965692    69
   3737.51223254  2800
   3737.33405873    23
   3737.19729419   150
   3736.93480224   120
   3736.65314526   250
   3736.56598785   130
   3736.50084474   130
   3736.41177783    12
   3735.82588971   130
   3735.51112131    93
   3735.36242985    66
   3735.25335813    53
   3734.69688238    79
   3734.66256128    55
   3734.59755813   330
   3734.56534648    71
   3734.41211620    23
   3734.23540200    23
   3734.13129899    23
   3733.67223799  1400
   3733.50167220    25
   3732.98513609   940
   3732.73652053    47
   3732.67917540    71
   3732.47300884    23
   3731.42477054   220
   3731.37667300    96
   3731.35154952    96
   3731.34610093   100
   3730.94694439    76
   3730.85648783   150
   3730.74838585   850
   3730.62312831    95
   3730.53224187    48
   3730.36831436  2300
   3729.94575388   570
   3729.83580238   440
   3729.68036266   600
   3729.67648367    68
   3728.99184111    24
   3728.96425826    24
   3727.90255342  7800
   3727.72492945   200
   3727.61168880  1300
   3727.34668748   540
   3727.25107226   690
   3727.15292769  1100
   3726.94469166    24
   3726.86825147   150
   3726.84219822   250
   3726.72438875  1300
   3726.65843584   140
   3726.19388623    56
   3726.09985060    49
   3725.96535545    80
   3725.87399913    83
   3725.82079292    50
   3725.72436790    53
   3724.73299481   310
   3724.49863554   120
   3724.39584218    68
   3724.29870735    74
   3723.92002347   170
   3723.72085708    61
   3723.65615385   320
   3723.28966881   210
   3722.65462337   210
   3722.59223953    84
   3722.17973642   810
   3722.11522313  3000
   3721.88380310    27
   3721.82521828  8900
   3721.34350309   230
   3721.21447652  2400
   3721.13596687    50
   3721.00244146   190
   3720.69967991   110
   3720.62843837    57
   3720.60643407    53
   3720.30705164  1200
   3720.21766480  3800
   3719.97734706  1700
   3719.83600768  1900
   3719.69173106   130
   3719.54616878   820
   3719.43451171 13000
   3719.15296065    57
   3719.05457614   250
   3719.01082748    75
   3718.80759013    25
   3718.65526960    97
   3718.16737600   210
   3717.89383687   140
   3717.82915363   240
   3717.38160957   280
   3716.99338015    86
   3716.94054384   280
   3716.80783822   280
   3716.58360631   400
   3716.21238248   100
   3716.08702495    25
   3715.86143339   220
   3715.72236942    77
   3715.08722396    51
   3715.05953113   280
   3714.69589533   280
   3714.45591749    25
   3714.33830796    79
   3714.29020042   210
   3712.61156525    93
   3712.55915882   430
   3712.53105610   190
   3712.37209728    62
   3712.29819642   110
   3712.18567556    70
   3711.92603282   200
   3711.83306690   440
   3711.77860100    77
   3711.62271138  1800
   3711.35939959   210
   3711.30382398  1300
   3710.83095646   280
   3710.66381975  2800
   3710.55147885   130
   3710.29173612   180
   3709.86192745   320
   3709.81656919    77
   3709.62343922   130
   3709.31492912    51
   3708.75325459   150
   3708.67017611    76
   3708.48310456   210
   3708.39532729    69
   3707.46476829   200
   3707.42807779   400
   3706.98660213   200
   3706.76697901  5600
   3706.39944419   550
   3706.05158427   210
   3705.94078297    72
   3705.78958212    73
   3704.96626533   140
   3704.86135250   830
   3704.82629158    57
   3704.58324452   280
   3704.33910774   530
   3704.14661758   340
   3704.08327399   370
   3703.99157773   530
   3703.94993851   210
   3703.90597990   320
   3703.77391410  2300
   3703.34104619    55
   3703.22969302  2400
   3702.86381976   230
   3702.47791968   270
   3702.13960729   130
   3702.06696610    77
   3701.59883731   400
   3701.09915669   540
   3700.97806104  3500
   3700.76507319   380
   3700.52532527    26
   3700.46095193    54
   3700.31213047   240


