0 -0.0027217043364308998
1 -0.002872013013356965
2 0.0013883517182877367
3 -0.002915952170294336
4 -0.0028083567408978345
5 0.0016381858854159317
6 0.0008488398458508545
7 -0.007137364003367479
8 0.0012836533474618924
9 -0.00256778084120913
10 0.0009523050177541061
11 -0.002707698868275629
12 0.0008776091275029595
13 -0.001856222420779182
14 -0.00114742261778398
15 0.002505536779822722
16 5.042853022602282e-05
17 0.006573787980307946
18 0.0065043805296745305
19 -0.0013991729567305099
20 0.0026482653537055548
21 0.00020812105913682748
22 -0.0034953474393348903
23 0.0010444447534314336
24 -0.007400261283453955
25 -0.0012308495831086681
26 0.001107512104512065
27 0.0033409730029753024
28 -0.0020857349289656133
29 0.0016532133701685082
30 0.0015560511858588792
31 0.0036373983317278453
32 0.002499175828793831
33 0.00043078541101823
34 -0.0022325185831549034
35 -0.00045343871338608444
36 -0.00042042215883484013
37 -0.005413060510295751
38 -0.003468776378203849
39 -0.009153773244324042
40 0.004731368440269755
41 0.006012855183958739
42 0.001621226568111848
43 0.0003850160741045874
44 -0.00016911758446069204
45 0.0008687092163368544
46 0.002570147585784727
47 0.010093384800848645
48 0.024689890357367843
49 0.02616068179588894
50 0.025485665824603695
51 0.010295811583139098
52 0.003134330305554778
53 -0.00033088001661950235
54 0.0017420875975889532
55 0.0012313394187633872
56 0.0008438178575152961
57 0.0006190994549961362
58 0.008314657845960851
59 0.006214795519822814
60 8.67974439353055e-05
61 -0.0022905705659328674
62 0.001010947018609351
63 0.003106338629600929
64 -0.00158419033200431
65 -0.007860415279942879
66 -0.004277806089627282
67 -0.005223837300234389
68 0.009322185253266698
69 0.0025922930990569123
70 -0.005027862530213106
71 -0.0011075711545735633
72 -0.007952055437241971
73 -0.0007978504051337246
74 0.0021736994939717115
75 0.0009113479502341319
76 -0.003101219458116816
77 -0.002341645479288394
78 -0.003268307397432344
79 -0.00032178694023438336
80 -0.0043271419507224605
81 -0.008499142172449105
82 0.001031610683516218
83 -0.0006351049227492444
84 -0.003958302460193675
85 0.0005110382531175006
86 0.002658784036050214
87 0.008123245272387912
88 0.0034398456221540487
89 0.0015685713910864602
90 0.002722078605161792
91 -0.0008730277284553499
92 0.0011296728318034629
93 0.002645387261680958
94 -0.001604533800229485
95 -0.006747473044380222
96 -0.008385823479467648
97 0.0039478087965428765
98 0.0001327251941790791
99 -0.0045123629261716505
100 -0.00043672660851147777
101 0.005238609445261773
102 0.005838202242635341
103 -0.0025094435379086817
104 -0.004374601136116385
105 -0.00288634395746306
106 -0.005324826362249421
107 -0.0043639298151910665
108 0.005090999889935495
109 0.00015731706387709122
110 -0.006693988121735785
111 -0.0035543769433883077
112 -0.002273471139313429
113 0.003721689282459868
114 -0.001103116430875276
115 -0.007227267270476632
116 0.00729230447521088
117 0.00343930476543072
118 -0.005402821200743489
119 -0.009315731167997311
120 0.00024240737708541038
121 -0.005396575019063819
122 0.0010849398248598892
123 -0.0004684637247724247
124 -0.0020086998381614305
125 0.005248753276978609
126 -0.0008704635870631464
127 -0.0023793480364331506
128 -0.0026989502347941918
129 0.0015447885319749678
130 0.010556283743650446
131 -3.5368547423226623e-06
132 0.006652213902614296
133 0.004061242028319341
134 -0.0037119285657755056
135 0.012710250203319201
136 0.0010993407781978264
137 0.0034882534928698835
138 0.004287951008595144
139 -0.0023421344647130975
140 -0.004270662610288366
141 0.0024189012872975427
142 0.005363429303801017
143 0.0025228102169143228
144 0.0003961132133727901
145 -0.0011862811961257103
146 -0.002036684344502881
147 -0.00014502936474412593
148 0.0021170383181912298
149 0.003197572694033765
150 0.006217421685001638
151 0.0009852497349682077
152 -0.007336508631450184
153 0.0006283151026274117
154 0.003607554446575853
155 0.005124306658781072
156 -0.004003725619790689
157 0.001203477755920372
158 0.0010236077924148637
159 0.00608059182404102
160 0.0044977489996464275
161 0.007543209969743518
162 -0.0005448780082674466
163 -0.005497353871630727
164 0.0003795057002217295
165 0.004622943217150134
166 0.025719796677756368
167 0.038235048735038066
168 0.058434206934446634
169 0.09926718259786603
170 0.052673598569890435
171 0.01903134277217538
172 0.0035062329506324232
173 0.0045517203908117376
174 -0.009200383119679566
175 -0.005662569638369018
176 -0.005457617340103401
177 -0.00414697351438053
178 0.005070718618427462
179 0.008611567727411059
180 -0.0021129786979051045
181 -0.002324580729470599
182 -0.008731400755961006
183 0.0029606597609283464
184 0.001809931723817996
185 0.0008849769143798068
186 -0.0036938219930492786
187 -0.00746526479281309
188 -0.0017517110636744964
189 0.0017129386176024137
190 -0.006391569713576551
191 0.001168926372275243
192 0.005569149537161431
193 -0.0006438227923342923
194 0.0022685565521870757
195 0.007287015023022289
196 -0.003760182058045543
197 7.057369255516499e-06
198 -0.00010042684369376203
199 0.008747664060089328
200 -0.005907401096187194
201 -0.0016255267782369868
202 -0.0024346576340078933
203 -0.0062542975774242905
204 -0.0010333235605867713
205 -0.002746240582777833
206 -0.002574779240368414
207 0.0003760961193186761
208 -0.007075569180199837
209 -0.004872916220864649
210 -0.0008913904483269333
211 -0.006102209467213635
212 -0.004361085822409562
213 0.005487812491946699
214 -0.005524829013799364
215 0.0008223438233981878
216 -0.0064760414463299
217 0.0003516124823676852
218 0.0002971791225392988
219 0.00934550402253997
220 -0.0023617471642368984
221 -0.0068601184340959164
222 -0.002657187609942302
223 -0.0006435674107272065
224 -0.009753602575993921
225 -0.013226940712704277
226 -0.0010235295370877692
227 -0.0037897813752044004
228 0.005616447583796724
229 -0.01424926598075086
230 0.0066325268980918246
231 -0.007439648874256231
232 -0.004061442854668378
233 -0.0006244712671003586
234 -0.005412911495635351
235 -0.0036440632856704967
236 0.011379703501258442
237 0.0059130372720016715
238 -0.0035953746793141537
239 -0.00498516186425339
240 -0.003911850184939947
241 -0.002593537585368429
242 -0.002005897876017423
243 -0.003047223497224106
244 0.005081062198631496
245 -0.009612457121139272
246 -0.0029221339465447674
247 0.0018456126304656826
248 -0.0044896598362335425
249 -0.00501197082603441
250 0.006003896469443563
251 -0.00042269826323375174
252 -0.008198360590009793
253 0.004465407024748515
254 -0.002545429230623606
255 0.004144885709693853
256 0.0006563536608492215
257 -0.012342657250316701
258 0.0012008769687631502
259 -0.0016394917435287087
260 0.007849402267486025
261 0.009473399141698246
262 -0.007151683605525827
263 -0.0044568681243504025
264 0.005962191002241836
265 0.00357045795628168
266 -0.004571373082930123
267 -0.002368305952627153
268 -0.0075501011911982985
269 0.00306031829067492
270 0.0025614760279451527
271 0.0026251467796339404
272 0.0023979136314493128
273 0.009544129414461765
274 0.013117415700108772
275 0.008590300389416133
276 -0.0008978411533958996
277 0.0022618884661105318
278 0.00425682914357916
279 -3.8029385154314084e-06
280 -0.009887059675105276
281 -0.012175933026804928
282 0.0018311291068551215
283 -0.008225486563184883
284 0.0019485068482651437
285 -0.00900434215096521
286 -0.008885661645408667
287 -0.0019367588213403519
288 -0.008422647437993886
289 -0.009484488286988535
290 -0.0015886972893913711
291 -0.0013528190674571591
292 -0.003061204631442376
293 0.0022244979535284096
294 -0.010086743628853366
295 0.005277230359135706
296 0.005211218014358034
297 -0.009265303678543753
298 -0.009558441457320923
299 0.0008432389225105104
300 0.004924467674199197
301 0.007454327178844629
302 0.06917358249442304
303 0.2025831703544392
304 0.35622040987184106
305 0.20687824040190558
306 0.05356721830083341
307 0.02895848318370842
308 0.008195475080375348
309 -0.007216170906558667
310 0.002252253961840828
311 -0.002833257402316283
312 0.001224413160506447
313 -0.003275024414166573
314 -0.007078507347798262
315 -0.0066410064542809025
316 -0.00513756505581013
317 -0.006976042278176541
318 -0.0014663153878859663
319 0.012137973768716186
320 0.006697740210712393
321 -0.005736981230283957
322 0.0037379992776678736
323 0.0005491572465898255
324 -0.012294548839724105
325 -0.0015413216824194636
326 0.0026792942981664
327 0.0014177875934668419
328 0.0024915479742454003
329 0.012038046754525866
330 0.010460072204848247
331 -0.0011793871518253987
332 0.0050881193769599905
333 0.008789591095683422
334 0.014427887362271744
335 0.0077310463685431085
336 0.010338970586478043
337 0.0032457063110939116
338 -0.003082762887347473
339 -0.004738997417608416
340 0.0018423241154769804
341 0.0012773810120282763
342 0.00237147455634067
343 0.0040229365577149285
344 0.0071196407358588695
345 0.006509935928418682
346 -0.004898414858289921
347 -0.00022282092436232267
348 -0.0010451339672772268
349 -0.008486718312508123
350 -0.01049110294629335
351 -0.013500244272157493
352 -0.0044947228555000706
353 0.008420223452518803
354 -0.0014150278637499432
355 0.0030857952295131525
356 -0.0066979500734032
357 -0.010956146668030325
358 -0.0026334946849743
359 -0.006231951354478595
360 -0.00243086913872813
361 -0.006043529431354296
362 -0.0016721024494202716
363 -0.0020651201504972337
364 -0.004700986379693577
365 -0.014165845202961597
366 -0.008513906762093463
367 0.002376145161839878
368 0.00641212836031085
369 -0.01266544271574684
370 0.007996209143886214
371 -0.0014643674811993833
372 -0.0068377808807278855
373 0.00029458479452729034
374 -0.001489299879123064
375 -0.0007461075910157638
376 0.0020331505330123535
377 -0.006294029238046019
378 -0.005845997876772316
379 -0.003192249721404163
380 -0.015578448238220625
381 0.00022782573032415556
382 -0.004072623650298905
383 0.003977771176001063
384 -0.006070162908580188
385 -0.004261460374123958
386 -0.001912934436775235
387 -0.0030569332557043296
388 -0.003075699528796436
389 -0.000453120927692643
390 -0.004004633545129505
391 6.259169083329724e-05
392 -0.0020260284901366518
393 -0.006333839655319401
394 -0.005935849346870691
395 -0.008655258320510869
396 -0.008132288924975794
397 -0.00866408584106906
398 0.002878464987560157
399 -0.0015761666054928797
400 -0.015319829759741017
401 -0.007541388730584769
402 -0.0007126238515762868
403 -0.0036974098215225627
404 -0.000111277100282321
405 0.0026815740673650583
406 -0.004243064257170727
407 -0.009945280166317643
408 -0.009043610490374996
409 -0.015427157764488853
410 0.005477198726737113
411 -0.015137847205225331
412 -0.009738595905144549
413 0.015378303972944065
414 0.04978833732246868
415 0.056193282170148996
416 0.04062930244148354
417 0.012056268395444441
418 0.004805149511445331
419 0.00685784496550253
420 0.0027877341315013186
421 -0.0038702817796186593
422 -0.0004613661113857498
423 0.0021663633033042295
424 -0.0005129375702540303
425 -0.002236945556836588
426 -0.0014146756122609644
427 -0.005335750600138481
428 0.003072606172032251
429 0.0020486091115397564
430 -0.005548714113336567
431 0.008375142945023981
432 -0.005123919218406702
433 -0.00956673685377376
434 0.001580555990225454
435 -0.005264292184823303
436 -0.004584467050839458
437 0.005027810842730209
438 0.002830512476812601
439 -0.01117334765259812
440 0.00037088463412360945
441 -0.0061675313767629485
442 -0.005305973098548453
443 0.014115590656970295
444 -0.013508482917018718
445 -0.008873704672036487
446 0.006966464597546775
447 -0.0018380350578077618
448 0.0009913606962108125
449 -0.002881802591532989
450 -0.026444134669582748
451 -0.010659523652578159
452 0.0033752997525428683
453 0.0037129213258848335
454 -6.902326130222519e-06
455 0.009165953274393512
456 -0.003636395920740809
457 -0.014127533145650207
458 -0.01240444049896563
459 -0.004954827521232539
460 -0.004476305659571595
461 -0.0019180504417446445
462 -0.009376461965582077
463 0.004792117866117669
464 -0.0039392545597014125
465 -0.014354659240250346
466 0.011149204873213272
467 -0.010548265371240222
468 -0.004809095398701737
469 -0.00734992454486125
470 -0.009373266387631932
471 -0.013157501903317692
472 0.002691386368042542
473 -0.008341249430825348
474 0.004076407515505028
475 -0.0055463947363796505
476 0.002636220996198435
477 -0.00170468697999299
478 0.0059177023564727215
479 -0.010601199854117243
480 -0.0184833152909361
481 -0.013499154736953397
482 -0.007627632599986491
483 -0.0030208992894899408
484 -0.012645845212626712
485 0.002324393059447608
486 -0.005481735720327601
487 -0.005308752021147892
488 -0.00504288309745089
489 -0.0022278663280664393
490 -0.006013389096503749
491 -0.001920535788142784
492 0.004902718165791118
493 -0.0032291271025886234
494 -0.002935567283477163
495 -0.00314878637617055
496 -0.0018793999365849543
497 -0.0018900240640694714
498 -0.0073241530819175395
499 -0.0052627044153213095
500 -0.01582577511755931
501 -0.011444392631088743
502 -0.014909517112686127
503 0.0008850475631074284
504 -0.02263220978756122
505 -0.019300314561212954
506 0.0009729813665619086
507 0.005591347935412849
508 -0.011827205300763333
509 0.0012504701095447405
510 0.0014686364536076715
511 -0.02258542114501787
512 -0.018280339759516737
513 -0.00788227969911215
514 -0.0032576030092619115
515 -0.0013190067835471408
516 -0.008843469716865917
517 -0.007955763408785982
518 -0.008307221754013046
519 -0.018348895938664466
520 -0.029370105840701478
521 -0.014634547222492272
522 -0.005111729301877832
523 -0.0019099341876575656
524 -0.028519747131306703
525 -0.007074098039936343
526 -0.010514921693836722
527 -0.015376933223792081
528 -0.004295218187601506
529 -0.00898140629202384
530 -0.0011698439857986704
531 -0.010762546029043661
532 -0.005862968899389176
533 -0.007991627125279196
534 -0.020068868596826203
535 -0.015899268918066704
536 -0.00373030180772069
537 0.021948581191355745
538 0.12407443013833132
539 0.21149681860056357
540 0.21502684257649335
541 0.088070939167743
542 0.03666063750266319
543 -0.006626758018393156
544 -0.02673435999892261
545 -0.01267292162730171
546 -0.00257534784991339
547 0.0006594656449958646
548 -0.0026296709470788535
549 -0.009272093003533597
550 -0.004084825097691547
551 -0.014728889806989887
552 -0.010164248387722785
553 -0.0004078124035974472
554 -0.008290994464176778
555 -0.011510476301800894
556 0.0031872511088378588
557 -0.0021072994593415565
558 -0.02113543806432727
559 -0.014517444584563076
560 -0.008702303689426212
561 -0.02069572036147703
562 -0.00677776141548101
563 -0.0006085381239388998
564 -0.012813460380436613
565 -0.02278386299189889
566 -0.005288338107124463
567 -0.010743692192792137
568 -0.007697617515352736
569 -0.002410326051640671
570 -0.010452427823049346
571 -0.0036352873162459184
572 -0.021722225870491954
573 -0.002044108794902089
574 0.005037937043578747
575 -0.0008505963316920912
576 -0.0008698591774205532
577 0.012285624250435626
578 -0.00737587909845648
579 -0.021432892120902755
580 0.002086097008083555
581 0.0018162755781507497
582 -0.025528163538620453
583 -0.01662152019117773
584 -0.011221904099144853
585 -0.015147727235897286
586 -0.020513572680391286
587 -0.015560600900138423
588 0.006297506728821886
589 0.0014436682649744594
590 -0.004597468769719402
591 0.011555382298615935
592 0.010925303890158484
593 -0.013893356779288267
594 -0.003615499309101197
595 -0.017618858025353557
596 0.0061935784591420195
597 -0.00871625856359762
598 -0.006622556332361095
599 -0.004559140695203063
600 -0.02524389065748834
601 -0.00912578171430334
602 -0.014336628554922744
603 -0.005360206585133149
604 -0.008734721604682664
605 -0.023753644517610494
606 -0.0025697518761206854
607 -0.018156584853489567
608 -0.0032830571989181856
609 -0.005847292466059439
610 -0.020514828330756317
611 -0.015714545638063657
612 -0.01843601691068711
613 -0.007539518499171411
614 0.0015171480707050625
615 -0.026900710651927544
616 -0.006209010249902872
617 -0.0010876195339334187
618 -0.007666721457142785
619 -0.002468476575253802
620 0.0028363950126330515
621 -0.011256390444457207
622 -0.009513630370307335
623 -0.010067594676398436
624 0.0030652981457350457
625 0.00960129241566549
626 0.0013986677070696454
627 0.002947214157511115
628 -0.018308754735726976
629 0.003839149291074547
630 -0.00217010632664899
631 -0.010272805263933451
632 -0.000739498462807275
633 -0.019071747949347465
634 -0.011773923531428533
635 -0.002184075840045257
636 -0.012041743464157484
637 -0.005391917959743075
638 -0.018865676836582954
639 -0.0042433727523979005
640 -0.011135506391582114
641 -0.01677934062000411
642 -0.005083256173466804
643 -0.008925214531375293
644 -0.01216574322573231
645 -0.019872566173765552
646 -0.014623931752287505
647 -0.012490399536219943
648 -0.020415748407395722
649 0.012270172612950016
650 0.016392211523094734
651 -0.014066667918566415
652 0.005680605968965572
653 -0.01727849062008403
654 -0.013715260714784818
655 0.01439213458014597
656 -0.008334248352098594
657 -0.008939090103652523
658 -0.009169758426272764
659 -0.008611284663789144
660 -0.0029170488577756463
661 0.004962685362443228
662 -0.004722203322220725
663 -0.004996090021684059
664 -0.020506482203052852
665 -0.005770952757751533
666 -0.0082577490346536
667 -0.009471625527307502
668 -0.0016181642826388737
669 -0.01029720095458636
670 -0.005888955581350086
671 0.013680464096353375
672 0.003190946463431401
673 0.0001733637775480315
674 -0.01755020226150743
675 -0.01310446178857175
676 -0.009485833931679748
677 -0.014117623392857652
678 -0.015001255167203726
679 -0.009904937753819237
680 -0.008178743445348377
681 -0.003991020416224478
682 -0.01949500326223449
683 -0.0044655350586588925
684 -0.01644181297527613
685 -0.015018270418845552
686 -0.009632708252768145
687 -0.01816001894688238
688 -0.014928673515341493
689 -0.019182000597408138
690 -0.01968443338591006
691 0.004006643382383836
692 -0.005959679014943418
693 -0.01345287726734588
694 7.541144727972176e-05
695 -0.014826018244853967
696 -0.004835725395708798
697 -0.00040592297898760574
698 -0.009009475274662017
699 -0.008225497873295575
700 -0.003705313261259829
701 -0.00900413042717522
702 -0.006604190499225812
703 0.006367803804177267
704 0.011239503033984527
705 0.002085802856043637
706 0.009699386720025675
707 -0.012523630063222765
708 -0.00907176438236447
709 -0.019907684830796694
710 -0.00491348285015835
711 -0.0025446425318988077
712 -0.009227872282004066
713 -0.017668512365169472
714 -0.005573576507881945
715 -0.00262608117977363
716 -0.01209173172278124
717 -0.007485417627854162
718 0.0012350986871656326
719 0.0001464737711443547
720 0.0012270267397980466
721 -0.017064327898662825
722 0.0018968487763658351
723 0.03522793423359158
724 0.1018660224687908
725 0.08908789585490554
726 0.04183056955979445
727 0.0072712955890041064
728 0.004076167041068888
729 -0.020427109550089046
730 -0.010689272438637626
731 -0.015016389431176246
732 0.007204767869141942
733 -0.0038624277653516717
734 -0.012360481659586931
735 0.018145082038440067
736 0.07559087020238499
737 0.11915208588722594
738 0.0795378143762662
739 0.054285182932312055
740 0.002741290107151606
741 0.011079522216756557
742 -0.005937135227971179
743 -0.001403515812176336
744 -0.0023180250736756377
745 -0.009106661300968422
746 -0.015189823502957415
747 -0.005563648944190642
748 -0.0046664027072267165
749 -0.010671524355945735
750 -0.001350914866303237
751 0.0060119020554298625
752 -0.011391135950347532
753 -0.009257369290615509
754 0.0042122132599904
755 -0.01924793221998904
756 0.0024865478832334096
757 -0.01920568137318341
758 0.009818022075780818
759 0.004063915461638149
760 -0.0068754111422148515
761 0.006255272481227192
762 0.005982164894350643
763 -0.006298379879512568
764 -0.005740184914315659
765 -0.010188538574060277
766 -0.00870123386903149
767 -0.0008035734111016888
768 0.00016231132951852545
769 -0.0011056324147987
770 -0.007365187113394331
771 0.00589198101439857
772 0.0018773161608872109
773 -0.00832126026604006
774 -0.004398578683599659
775 -0.0034598746888583145
776 0.006626839207952807
777 0.021706525460974714
778 0.004829875457839671
779 0.002152451506088321
780 0.005420168808133562
781 -2.158116967779448e-05
782 -0.009953920836918786
783 -0.01956779942975769
784 -0.013991582749374586
785 -0.0052035690553472996
786 0.0017675221554024846
787 -0.004407036847546258
788 -0.002367435192193922
789 -0.012494660808795108
790 -0.011071523450983185
791 0.004993716569384625
792 0.0035605672428262493
793 -0.00553302654506169
794 -0.0008754360980161782
795 0.0021234825582186873
796 -0.00465968723769278
797 0.0021545383526508184
798 -0.0013446155546221214
799 0.002151584604705838
800 0.0006194672127671288
801 0.004564087593509374
802 -0.0018817139817008106
803 0.001753363937071284
804 -0.0024265454651164866
805 0.00545398889977842
806 -0.008586336970395857
807 -0.001922216563849576
808 0.013810387265577923
809 0.01255225411278058
810 -0.0001253486237814951
811 -0.005036195511827629
812 0.005852388757191344
813 -0.0011051633798257552
814 0.0003710018068364335
815 -0.0011306041063538922
816 -0.008814486249687094
817 -0.006567540746941056
818 -0.007450756544095817
819 -0.010776966886478312
820 -0.01186484103236187
821 -0.003827319743470896
822 -0.01172706580429653
823 -0.00012080628718580806
824 0.008540040976173469
825 0.0052487459530872055
826 -0.0020828854669873004
827 0.0015237669682396345
828 -0.00229848654546458
829 0.0015323831698860935
830 -0.0009288382228677263
831 0.000641177848836267
832 -0.0014909871081546908
833 -0.006383943799099235
834 -0.008253569429549851
835 -0.005891100561058993
836 -0.004772206975118594
837 -0.0005638368698382897
838 0.003570217146767256
839 0.008632603155539365
840 -0.00048004288706439223
841 -0.003576585445433983
842 0.038967434259852544
843 0.12934903133984585
844 0.24864667140359006
845 0.21181775890812696
846 0.08329220122755575
847 0.024905534930654356
848 -0.0022023019682307753
849 -0.011212301512190574
850 -0.010949945416569611
851 0.009775764633796756
852 0.002234166086691656
853 -0.017339571478216555
854 0.01021247391627054
855 -0.013054232693316481
856 -0.003992490876070881
857 -0.0022921699895260706
858 0.0015814602426826167
859 0.0005629674721857054
860 0.003404592637390076
861 0.002200589869222775
862 -0.004649195118598182
863 0.004261844291760641
864 0.002260975272858653
865 0.004737895430433687
866 0.0033680452551273173
867 0.007161767781704119
868 0.0008061630300718576
869 -8.077231706234637e-05
870 0.00040170077832843713
871 -0.0034396426782789184
872 0.002744931061883613
873 0.010632358282232954
874 0.004110791240897674
875 0.00038766700503244106
876 -0.00549722585576578
877 -0.0016492326409954124
878 0.004880717764846215
879 0.0013268967902946498
880 -0.0023047255869162323
881 0.00224628074867616
882 -0.005557301641419044
883 -0.0011983337808600814
884 -0.00524205136415733
885 -0.0012760753383518329
886 -0.0014964492017231097
887 -0.0033833919666496856
888 0.0017930910994894418
889 0.0015758694032210951
890 -0.0025479519394369064
891 -0.005148713383858725
892 0.0015616897648733725
893 -0.0010888836812103853
894 0.007616015170851037
895 -0.0009022702248485343
896 -0.0008060917535585489
897 0.003093695028995117
898 0.01197862614981151
899 0.004572541977773124
900 -0.0011466130731473813
901 0.006432118183150479
902 0.003888443721026606
903 0.003635197274311641
904 0.015544299908254228
905 0.020326722377812547
906 0.07901955886774237
907 0.1934838405661771
908 0.1665534073122566
909 0.056945788977036775
910 0.016006658418356686
911 -0.0067196792497443885
912 -0.01372312094804384
913 -0.00035169561728074075
914 -0.0011552161528164818
915 0.006649320111900501
916 -0.0002466098055660334
917 -0.005607950127211858
918 0.0016618813152215392
919 0.01322212686930912
920 0.01689894029471201
921 0.01008720354946729
922 -0.002971405318017523
923 -0.002008976568928954
924 -0.012727464598554474
925 -0.0018481386566838853
926 0.0010790917758550693
927 0.0019935874189032587
928 0.003076219356559284
929 0.0035275861453799126
930 0.0005097423042165291
931 -0.0034943309200112732
932 -0.0006960275179276917
933 -0.00580508364195021
934 0.0005066363251945511
935 0.004293829046569921
936 0.010216273532637933
937 0.015439207176399803
938 0.018630893654066366
939 0.009609942364664155
940 0.016838044577432702
941 0.018093443012016822
942 0.010973141598708824
943 0.0030840186308248767
944 -0.0019664294019933353
945 0.0037048775612890474
946 0.001067977307030754
947 -0.0005726032338760034
948 -0.0034534113550540447
949 -0.0036118168292489077
950 0.0022678822561355582
951 0.0005944628937265011
952 0.0012200364020877681
953 -0.006897156188577216
954 0.002108177450643801
955 -0.0038531684381306578
956 -0.0027255010187553826
957 -0.0001416506417636985
958 0.011449122285239503
959 0.01362756863404854
960 0.026590035714989826
961 0.01761509948378087
962 0.012552491684627779
963 -0.0035542732152359525
964 -0.0036487007522971087
965 0.000298543802781742
966 -0.001605473186841181
967 -0.00032167541427002735
968 -0.001193372638197804
969 0.006463101193640403
970 0.005381967598960311
971 0.01092304282298931
972 0.005803721145748254
973 0.008005028705332227
974 0.011539220003062022
975 0.005073977779478446
976 -6.748216980492288e-05
977 -0.002490132393145252
978 0.007096469001994282
979 0.0011520537660997213
980 -0.0032091928897161246
981 0.0011007434012320406
982 0.006069488319323442
983 0.010132969337212926
984 0.005723372646331877
985 0.012751911795103389
986 -0.0024372663125999026
987 0.00799830741805198
988 0.014373218524767131
989 0.023926370542835695
990 0.012141407662470202
991 -0.0019089709101367445
992 -0.00577239662707907
993 0.014119824278611854
994 0.009703501283427923
995 0.009673606086109201
996 -0.0002969467075798096
997 0.003269367588982776
998 0.0038746930482700154
999 -0.0002431154750676891
1000 0.00516817746060322
1001 0.0016875246563819602
1002 -0.004273479845319723
1003 -0.0001316396852768468
1004 0.010210319463818606
1005 0.022241072970568505
1006 0.015262884213818507
1007 0.01932776698719814
1008 0.05240769147622255
1009 0.07944583159200047
1010 0.06108246575869438
1011 0.011024163805462566
1012 0.0011458532460206232
1013 0.0026877072297923077
1014 0.005212154898696911
1015 0.008634794047704418
1016 0.010005944678052343
1017 0.005240714247356368
1018 0.01608831960463706
1019 0.01782965152958522
1020 0.013854683492952505
1021 -0.0017154112277702176
1022 0.0007794302364260694
1023 0.0011058503432847776
1024 0.013184649577424103
1025 0.003148408630143546
1026 0.01619819833388415
1027 0.0185117352077696
1028 0.009242386007032134
1029 0.0006818066006368771
1030 -0.005713255061849726
1031 -0.008827902507239693
1032 -0.008900840476736113
1033 0.009130845810214854
1034 0.007154414086934454
1035 0.002260075447947599
1036 0.0069994473458619985
1037 0.004982719949016619
1038 0.0037570112909988355
1039 -0.0019447458646464776
1040 -0.01032319909176093
1041 0.010090622498487994
1042 0.011083402335900836
1043 0.012609838262328466
1044 0.01013595155992779
1045 0.014543214031844248
1046 0.009900471429012318
1047 -0.0008908618345983745
1048 0.0034614566284644757
1049 -0.001344565090104196
1050 0.002376748887695733
1051 0.0018433507228864244
1052 0.005362009840689327
1053 0.005234878928543426
1054 0.019358965156752363
1055 0.08015290910170246
1056 0.3941939396270681
1057 1.2918199272815873
1058 1.799607618348031
1059 1.0095477196224916
1060 0.23899797433458808
1061 0.030541244281931994
1062 0.017854933517783403
1063 -0.007041265884205617
1064 -0.002853363463816888
1065 0.0024226602517304968
1066 0.010127100782287252
1067 0.004792607749730154
1068 0.010972931845315807
1069 0.010392148041109113
1070 0.010179566129013506
1071 0.0038355161991275866
1072 -0.0011543966805765717
1073 -0.00441311003974942
1074 0.002911137374042283
1075 0.004493662693251184
1076 0.0053154824846323966
1077 -0.003082149469851679
1078 0.001655722313638652
1079 0.007121760199879368
1080 0.006170011121696477
1081 0.008858161013358314
1082 0.0039365425870225065
1083 0.010232471254348757
1084 0.0006239322387018108
1085 0.002891739091481419
1086 -0.002062721012674762
1087 0.004451369770995533
1088 -0.0013839336752658016
1089 0.006303077754964523
1090 0.010101894736668938
1091 -0.007112645429870168
1092 0.0008111859292823746
1093 0.007430709692516106
1094 4.202701274598693e-06
1095 0.010852003255720557
1096 0.0025839491404010323
1097 0.009540873725146741
1098 0.007669991210714904
1099 0.011877905423586488
1100 -0.00261294197257579
1101 0.012280738592813386
1102 0.01019460926366787
1103 0.005010220097470077
1104 0.004132115118748142
1105 -0.000732237288409393
1106 0.0005585382331818802
1107 0.0006193224567392033
1108 -0.003089340551754508
1109 -0.009039576355388587
1110 -0.006677546653526681
1111 0.00035216625164895027
1112 -0.002224647439108681
1113 0.011487090694362309
1114 -0.0001166816493398788
1115 0.002858528964541136
1116 0.0045919366839007325
1117 -0.007782453945820569
1118 0.0024199242497322184
1119 0.0033152351797049455
1120 0.006064532064539813
1121 0.008286459863432571
1122 -0.0006171764272170272
1123 -0.006836156607276809
1124 -0.008216850833069387
1125 -0.0019352678663843179
1126 -0.0030658996849500433
1127 -0.003953763059420601
1128 0.004327022686114602
1129 0.014257700053954672
1130 0.006643969520183916
1131 0.0009485861707096291
1132 0.014317222945018294
1133 0.00511227056409303
1134 0.00694237833716152
1135 2.8833870700541546e-05
1136 -0.00534688709116706
1137 -0.006585856406931083
1138 0.007999377955219053
1139 0.012241500484904414
1140 0.009841671571808912
1141 0.005141483355190206
1142 0.020507487265554035
1143 0.017352944058437823
1144 0.014642101194650795
1145 -0.002594142271234839
1146 -0.000429242751591381
1147 0.018886207315370905
1148 0.020381652287212174
1149 0.034331334233310924
1150 0.020108535704736086
1151 0.01873647298312245
1152 0.019746926777809863
1153 0.017085975065434817
1154 0.008678030614402525
1155 0.00458468756919859
1156 0.003106887428066502
1157 0.0038527033564579784
1158 0.009172675792109963
1159 0.013285193134599579
1160 0.0264269824022542
1161 0.046037424711358466
1162 0.19063331337904693
1163 0.9636317932676941
1164 2.9292705851914804
1165 3.5945042769019677
1166 1.9590788674444124
1167 0.4471111814589019
1168 0.06459484319487455
1169 0.03337659026478309
1170 0.0052346292024681735
1171 -0.012926793878031102
1172 0.01363447622244319
1173 -0.0021987037782817778
1174 -0.0077804410925588095
1175 0.006465734209880961
1176 0.019653926088464616
1177 0.012848670632231394
1178 -0.0010907685992437163
1179 0.010958484313645928
1180 0.002919553743836558
1181 0.0026098738737934364
1182 0.01759612467179821
1183 0.005332745226370697
1184 0.0018055624594198623
1185 0.004077771385048387
1186 0.006622884748577065
1187 0.010321090930479273
1188 0.004233063348559201
1189 0.014951684545044523
1190 0.026650189643112564
1191 0.06112677998484919
1192 0.056403984074084604
1193 0.012240531605557462
1194 0.0013919146327483615
1195 0.0018476494806512608
1196 0.0014581163316638376
1197 -0.0029715767802428977
1198 0.0047599241570157975
1199 0.020069482806488823
1200 0.07714075711012014
1201 0.12940011188690664
1202 0.08621400456045106
1203 0.0287650435772375
1204 0.011055895699123006
1205 0.0041916008157284745
1206 0.003111437799044561
1207 0.009124743240151775
1208 0.011514813778438271
1209 0.0038669301775372633
1210 -0.0026999646014508856
1211 -0.017666658471314968
1212 -0.01141011530976527
1213 0.004797333271115185
1214 0.007920735884886492
1215 0.00020505429623839173
1216 0.017550673416440697
1217 0.014761194492350485
1218 0.011446735301917041
1219 7.487344825175447e-05
1220 -0.005720312962558487
1221 0.0028846320086399293
1222 -0.005677204717157113
1223 -0.011996412479166533
1224 -0.016724082777318988
1225 0.017921002445872063
1226 0.02445299999086896
1227 0.02111959094695012
1228 0.013873696507373768
1229 0.007962843918202095
1230 0.00788291034943561
1231 0.0033947620382802184
1232 0.0041032219042766065
1233 -0.0046875424408286724
1234 0.005624044589930322
1235 -0.003738211816379129
1236 0.00039744932354885527
1237 0.008458263472606774
1238 -0.003203566694545198
1239 -0.004268344079082335
1240 -0.0049183819381838
1241 0.008414295468744814
1242 0.02248297347732722
1243 0.024917469981495893
1244 0.02328229944349286
1245 0.020236396184302445
1246 0.011676517485806349
1247 0.0034423087608610324
1248 -0.0004209085430932837
1249 0.007302471890771291
1250 0.010329816675963445
1251 -0.006550048594412914
1252 0.01832209763141795
1253 0.12146450569500673
1254 0.35092727425719883
1255 0.4179583269228616
1256 0.20028567731701433
1257 0.05240429776335198
1258 0.023227722019570338
1259 0.02813012731748871
1260 0.04999029629698935
1261 0.026530615076012832
1262 0.007827894468136037
1263 0.015384011515428423
1264 0.008328643886100958
1265 0.006754939633725682
1266 0.010130312853449445
1267 0.0009911445964483046
1268 0.0030880832183887326
1269 -0.002051823655889198
1270 -0.0008395418339267589
1271 -0.0036156793690045232
1272 -0.008807156707013911
1273 0.0077187474605952934
1274 0.016633974338378876
1275 0.033076094440389565
1276 0.057321939190548336
1277 0.09763282092443147
1278 0.2962267350335131
1279 1.3955612486476203
1280 3.8947698050194677
1281 4.865423295184658
1282 2.609958457814477
1283 0.5964912082100503
1284 0.10623426283387519
1285 0.025171109894721353
1286 0.011017409111186512
1287 0.00827672924880277
1288 0.01908136683943862
1289 0.025463702895427515
1290 0.037154262340694286
1291 0.046344655084637004
1292 0.06049818946037302
1293 0.20082746557304926
1294 0.39133789009528885
1295 0.3903578469417239
1296 0.1734229211878747
1297 0.039165279575134423
1298 0.004908990536446018
1299 -0.024423412463425154
1300 -0.007557273942542865
1301 -0.0036899800509219397
1302 0.0030025449047783766
1303 0.004781082109041187
1304 -0.0062774622553315946
1305 -0.009554520815455823
1306 -0.005887170716202674
1307 0.0029419406334052767
1308 -0.0016763130773387713
1309 -0.0021471809615179224
1310 0.00948633349087245
1311 0.005751875352612774
1312 -0.0031145431807280562
1313 -0.004847488973001275
1314 -0.0035306325466852822
1315 -0.00559343659744045
1316 0.0016465952145568363
1317 -0.00942451715209328
1318 -0.015641674771503137
1319 -0.020565061556486026
1320 -0.00788928757814498
1321 -0.014002464878108849
1322 0.00968706343568798
1323 -0.005775340894573932
1324 0.001638082006231182
1325 0.006711130256912683
1326 -0.014482641855218659
1327 0.0007364019977940515
1328 0.0010840829985077672
1329 -0.001038044916593619
1330 -0.0006265180344490565
1331 -0.001115621682810695
1332 -0.01208816266056705
1333 -0.009332543663435786
1334 -0.01691100343248721
1335 -0.016534091695018467
1336 -0.005615689157671194
1337 -0.014260690158454537
1338 -0.011953373591675594
1339 -0.012407967721872607
1340 -0.004133425666726385
1341 -0.005339091839416935
1342 -0.0028297569948920434
1343 0.00011500361656289202
1344 -0.0045154289191045435
1345 -0.004744622992620155
1346 -0.0015993336800268927
1347 0.009303522548911662
1348 -0.004460776889302985
1349 0.007908210592781472
1350 -8.854219659117542e-05
1351 -0.002067879211536484
1352 -0.00250140646337426
1353 0.008909179286521313
1354 -0.003309677649965786
1355 -0.0018089219556166605
1356 -0.007789018798006893
1357 -0.0028761650878222256
1358 0.009560202537228835
1359 0.006795933894239134
1360 -0.0007111268058974315
1361 -0.003988077897618891
1362 0.0035363032977745214
1363 -0.0052024103358994395
1364 -0.007935126393754826
1365 0.00013235725791057614
1366 0.006601751668929893
1367 0.009534656093025453
1368 0.017187775221141285
1369 0.03402705700891167
1370 0.04866393852737499
1371 0.2023971470892676
1372 1.0875773712709305
1373 3.577015001068585
1374 4.779059485827348
1375 2.8777559966322794
1376 0.7476229807057275
1377 0.10830289793262245
1378 0.03500065380702323
1379 0.035040044009063576
1380 0.03886990086278488
1381 0.06669841463824881
1382 0.04591546085115133
1383 0.002221013357521253
1384 0.006860125305065001
1385 -0.002410933625853193
1386 -0.012203858309939685
1387 0.014944356725511754
1388 0.014186742914539124
1389 0.0045535363309611235
1390 0.013609883514813433
1391 -0.0014864846205327293
1392 0.009569793522931615
1393 0.008210939583457241
1394 0.00786128069613911
1395 -0.0003156651646322986
1396 0.021817861735742575
1397 0.022260964097058564
1398 0.0063086628077337475
1399 0.016783184505393484
1400 0.05383544478422339
1401 0.19621137274267714
1402 0.8540386912109644
1403 2.9244490156591776
1404 4.627507735854868
1405 3.398975006663193
1406 1.1692563301693983
1407 0.26585860003805006
1408 0.09439279479510834
1409 0.06631238473536663
1410 0.023061051079975206
1411 0.038826590057414824
1412 0.046499481366370714
1413 0.044697594323393694
1414 0.04334455461152226
1415 0.027593869763124078
1416 0.009804528993190462
1417 0.006404691339962173
1418 0.018414583567906175
1419 0.01356162110409136
1420 0.0011970126315594021
1421 0.0019921807094401447
1422 0.004002266238680598
1423 -0.0017812092994831312
1424 0.0030601242055348864
1425 0.0016448561068276777
1426 -0.006242514049769091
1427 -0.002953756564991204
1428 0.003964950202419366
1429 -0.0002675168884080745
1430 0.0017751194308236072
1431 0.007577291568238727
1432 0.0296266994731847
1433 0.04586241816388893
1434 0.028554253136783003
1435 0.013730990637549075
1436 0.008339324296064102
1437 0.020699806117817205
1438 0.020684615972758214
1439 0.0010965015078902645
1440 -0.009179252111676384
1441 0.006607221072815189
1442 0.0026360422555485536
1443 0.004175155487786176
1444 0.006481979582493281
1445 -0.005995022761540737
1446 -0.002854899937243061
1447 0.052503293520705034
1448 0.23867997448736597
1449 0.5575214093929016
1450 0.5189771022967635
1451 0.21832638736531204
1452 0.0313090491252022
1453 0.0035025551783125003
1454 -0.014835951660818683
1455 -0.005916095144690432
1456 0.0036710041181633444
1457 0.02204484738559706
1458 0.045320909289746455
1459 0.03608029666674497
1460 0.02697094714683063
1461 0.012299611225184484
1462 0.019583015821348346
1463 0.024817881507197916
1464 -0.012929291465603735
1465 -0.0062940441837156195
1466 0.005367824382144564
1467 0.011629018844842513
1468 0.004805200307002131
1469 0.009339086055747157
1470 -0.0009742218701981172
1471 0.002673319096588152
1472 0.02643304692449514
1473 0.057315886002692606
1474 0.26244064129051115
1475 1.3087341760609956
1476 3.833303227650081
1477 5.067806412983067
1478 2.79449007570549
1479 0.6568511827162287
1480 0.11143461021736807
1481 0.04396915229819305
1482 0.019790803949364413
1483 -0.0025173588432099605
1484 -0.0022574280954369805
1485 0.005206654209955505
1486 -0.008645300424435879
1487 0.00083491993613243
1488 -0.0068799248456176245
1489 -0.0072733263940716
1490 0.004969967458799336
1491 -0.004715540986669272
1492 -0.003684405272340653
1493 0.0048018797826739545
1494 0.007965873025216515
1495 -0.0029367175162415475
1496 -0.002948829614831933
1497 -0.008351322926392027
1498 0.0058663719688226675
1499 0.004507460246495205
1500 -0.004765727219836404
1501 0.0020074254834999325
1502 0.008816254985089221
1503 -0.0016275171028800257
1504 0.007968042261761687
1505 0.004805292027831355
1506 0.00738163474607243
1507 0.01212569555561882
1508 0.007512015915705838
1509 0.008188351408643012
1510 0.007460246517208826
1511 0.008761538794786826
1512 0.02090955944814549
1513 0.030870122879701447
1514 0.015815960506346795
1515 0.006321211489546552
1516 0.06516385825942406
1517 0.23027986783260568
1518 0.40647926776704635
1519 0.33014307518067915
1520 0.1264605649519762
1521 0.036599307564451046
1522 0.007906338910261233
1523 -0.00483477206532239
1524 -0.002048779928908655
1525 0.013767227825545581
1526 0.010618928096629525
1527 0.011904181568745517
1528 0.015616597344360711
1529 0.00028080567152905065
1530 -0.007979877938734043
1531 -0.015019973104798068
1532 -0.005387012954819472
1533 -0.003011034184896674
1534 0.0014638427612138002
1535 -0.005474559004629124
1536 -0.016523165853621475
1537 0.0024643233205783655
1538 -0.010131518184170903
1539 -0.011137810403844574
1540 -0.00845925486187403
1541 0.004610728371663784
1542 0.004077998988510856
1543 0.004123505200288066
1544 0.0066932697348006075
1545 -0.00035322812083912015
1546 0.01537396065172855
1547 -0.0005650155193596936
1548 -0.007997285700103279
1549 -0.00041605310720273876
1550 -0.005134473768080433
1551 -0.0043412105635002645
1552 -0.003546484797778832
1553 0.012443033008080572
1554 0.004439486122543771
1555 0.0023553284438536763
1556 -0.0008260857435207687
1557 -0.002314548125072159
1558 0.00040016145943611036
1559 -0.0009221994230524747
1560 -0.013402789353044035
1561 -0.0014803276008368124
1562 0.015074718812515413
1563 0.02748886164452279
1564 0.013007348467517619
1565 0.010713310905463602
1566 2.6076866213349325e-05
1567 0.006677075989785878
1568 0.0043372828185336805
1569 7.197057133318666e-05
1570 0.013746297765364051
1571 0.020626127582118077
1572 0.021860991799475895
1573 0.04017574079211483
1574 0.1832529387212634
1575 0.8311474912127407
1576 1.9776597886153342
1577 2.1434104379842664
1578 1.0161593361250054
1579 0.2678117609809839
1580 0.09084774761692929
1581 0.0614623844923844
1582 0.014222756177061823
1583 0.012551291633372024
1584 0.012615477822253413
1585 0.003101981645861905
1586 0.00956205099175164
1587 0.0058741969056985855
1588 0.017850263511212577
1589 0.006369713916195234
1590 -0.0013849953887182943
1591 0.03524717755655009
1592 0.15096357673165978
1593 0.2612676620669165
1594 0.17503461998851208
1595 0.05838212688715363
1596 0.024884080699636917
1597 0.006909328910580829
1598 0.0008293678031010299
1599 0.008064108276153475
1600 0.020913677082598486
1601 0.008398568988287997
1602 0.00046287219689299526
1603 0.02057559965190816
1604 0.040223583419618625
1605 0.04565626798274113
1606 0.04357244979306066
1607 0.022794483280055504
1608 0.03034145555871639
1609 0.013208142440013594
1610 0.00037911012968512917
1611 -0.006055732380167461
1612 -0.009342801485749851
1613 -0.001221085880314426
1614 0.007440612259442769
1615 -0.008041606426752576
1616 -0.013227222414462248
1617 -0.009891850398185
1618 -0.012937267423980454
1619 0.0030039270867494605
1620 -0.0025901763207509428
1621 0.002398864072527008
1622 0.005597588187800757
1623 0.012811599834713975
1624 0.009628640266562223
1625 0.005431488020110795
1626 0.023602895192263093
1627 0.004196836396430461
1628 -0.01227328927804994
1629 -0.0017605777804403356
1630 0.00036383114298281375
1631 0.0009928688058643681
1632 -0.006421257934787154
1633 -0.01073230751208507
1634 0.008616493706271681
1635 0.000900477823803965
1636 0.00031806124772611183
1637 -0.004270597471154734
1638 0.005119099467158461
1639 -0.005420004370573926
1640 0.00212032286785031
1641 -0.005518355272019597
1642 0.0074921070066270475
1643 0.0010810629639367276
1644 0.005344219512361541
1645 0.004635821734771301
1646 -0.00400170028006904
1647 -0.004888930572339538
1648 -0.005934059522865093
1649 -0.005009698619821344
1650 0.009008296716328332
1651 -0.00390987809473621
1652 0.007942578629929455
1653 0.004752889495567475
1654 0.014711074073776077
1655 0.015191990171453913
1656 0.012415097060055957
1657 0.009621751902963323
1658 0.005017512354408872
1659 -0.001036249298359312
1660 -0.003070725038831651
1661 -0.0007433481918732751
1662 -0.008670574808207342
1663 0.0031660693133380657
1664 0.010243692714012936
1665 0.006483559920938497
1666 -0.005651030522878324
1667 -0.00034365346118662304
1668 -0.007302745705503227
1669 -0.014736721376395765
1670 -0.007370612678839426
1671 0.0017919834942639217
1672 0.0012174739004304912
1673 -0.0012877312891620932
1674 -0.0011822938379104566
1675 -0.005767376456183612
1676 -0.012394172739086882
1677 -0.0017715870280408874
1678 0.0032873533222114925
1679 -0.002644416918205387
1680 -0.01197557025315907
1681 -0.002763766597165185
1682 0.0009405255465394952
1683 -0.004973004308011658
1684 0.006619642573961186
1685 0.004744658995882558
1686 0.008322721096839826
1687 -0.002278407850351105
1688 -0.0055089052974242655
1689 0.002192987491070218
1690 -0.003602448107863275
1691 0.008485146100014744
1692 -0.00446168728835964
1693 -0.007070371529009473
1694 -0.008817846705763804
1695 -0.0010464441558411578
1696 0.00025996841850065445
1697 0.0021787045569427524
1698 -0.0029778465503573627
1699 -0.0015275204952806905
1700 0.015294462347621007
1701 0.029459088448190483
1702 0.028497457421922417
1703 0.018072900381227826
1704 0.0037534754118260386
1705 -0.016709259816381203
1706 -0.004187810911491269
1707 -0.0006652242923263101
1708 0.0008189783970441387
1709 0.0023951915633981355
1710 -0.000649794293932155
1711 0.0031145812003555333
1712 0.0022297979370876917
1713 0.0037876431016574128
1714 -0.002696729676583008
1715 -0.00493231795662282
1716 -0.008218065310875638
1717 0.011686787613078625
1718 0.017255837294924116
1719 0.010717786110783577
1720 0.01567638963248379
1721 0.00921137252192165
1722 0.007750895129833568
1723 0.011561687419458497
1724 0.0016928870418992023
1725 0.016810646208944804
1726 0.021259950618983548
1727 0.016048415133894173
1728 0.004284841536227709
1729 -0.0020785040073581324
1730 -0.005571696228920472
1731 -0.0015718055367188507
1732 0.004349676947871823
1733 -0.00011583325987215334
1734 -0.004435849146007941
1735 0.007891287441159266
1736 0.0035378421162055957
1737 -0.005072731806460203
1738 0.002826448032219741
1739 0.003887626058223413
1740 0.007115542314473192
1741 0.004461660827437327
1742 0.0014351751540386726
1743 -0.005477834655915848
1744 -0.010090134460366563
1745 -0.006055382637994023
1746 -0.00793988806432051
1747 1.396283394676528e-05
1748 0.0056151978049639
1749 -0.0012464440914736073
1750 0.012857032724138009
1751 0.019261631414084185
1752 0.016311524126709092
1753 0.012479322780626299
1754 0.005352562698085605
1755 0.006662234926945974
1756 -0.007681705216543054
1757 0.0029159902596399305
1758 0.008115130598340577
1759 -0.001904589307320684
1760 -0.001990606222661554
1761 0.004751249419010712
1762 0.007918011541010591
1763 0.008759209437191131
1764 0.02767397565959339
1765 0.03471708272735529
1766 0.027659987720977518
1767 0.01704415334844108
1768 -0.00020638613819460786
1769 0.008099798231254394
1770 0.012552360615282324
1771 -0.0013706022282625359
1772 0.007297744913690827
1773 -0.0005677186242044473
1774 0.006116082732884227
1775 -0.005410245190991514
1776 0.0025116292806099207
1777 0.005549779111325039
1778 -0.0015531124478309858
1779 0.0004916037391081348
1780 0.00426080084323715
1781 0.003715780397117435
1782 0.007049385804528041
1783 0.02190823482495158
1784 0.025524261130941014
1785 0.020575622549848037
1786 0.01603918753759023
1787 -0.009803264056560054
1788 0.003991309936608288
1789 -0.01059736031781342
1790 -0.0006403324663625399
1791 -0.0008624070434631744
1792 -0.005406648242202424
1793 -0.0005163877752871009
1794 0.012940749438519967
1795 0.014479827445951663
1796 -0.006614261494735233
1797 0.009172243471216297
1798 -0.001038196592606374
1799 0.005101550065352626
1800 -0.0058175958407498
1801 0.003246217538458398
1802 0.0037552484989901718
1803 -0.006659126943467632
1804 0.0012807172227647444
1805 0.01045598896149383
1806 -0.003918025048602749
1807 -0.0024425531338574274
1808 -0.017677253072630537
1809 0.0071937315455888945
1810 0.0036533000010716644
1811 -0.0022883221742873217
1812 0.0020070995302809013
1813 0.006833593012892589
1814 0.00014771378200194573
1815 -2.368690965446481e-05
1816 0.003290464564639669
1817 0.015691255789844576
1818 -0.0075013832136371075
1819 0.007957362919815745
1820 -0.016398353891052833
1821 -0.01178642668905238
1822 0.0037574202610715303
1823 -0.006331152449151354
1824 -0.0011667483232680686
1825 0.011086194434385944
1826 0.00027523374202596666
1827 0.0049421754147314315
1828 0.006044208274590448
1829 -0.003733617698712917
1830 0.00721536398387434
1831 0.010920535338007648
1832 -0.004705569910740804
1833 0.00041140696211120343
1834 0.00682325470809179
1835 0.003277141210678225
1836 0.004536026793461688
1837 -0.00022824453156955512
1838 0.009570586514647948
1839 -0.0042324273140917365
1840 -0.0010871086666340794
1841 0.004227471361439661
1842 -0.016215550683672517
1843 -0.012765527407289439
1844 -0.0018671697711610867
1845 -0.0035938582265441802
1846 0.003101868122109045
1847 -0.0016835645294473159
1848 0.005394203240755674
1849 -0.0014996703312137002
1850 0.0010178530000773706
1851 0.0021180825549437145
1852 -0.005765424105036519
1853 -0.006108122377120124
1854 -0.00317230979367561
1855 0.009148803691430193
1856 -0.0001981871695177018
1857 0.008392196457730086
1858 0.013684946088491601
1859 0.01495200387168172
1860 -0.0007858673169604092
1861 0.014597088353912636
1862 0.0189566884365341
1863 0.006709202232865513
1864 0.00012831258978801384
1865 0.005434703155736102
1866 0.0023391897981935982
1867 -0.009222306967273552
1868 -0.0009798880097447997
1869 -0.0038857467817193935
1870 -0.005425646634442117
1871 -0.00795802576489653
1872 -0.0035358252236067957
1873 -0.004330585866396139
1874 0.0020567700952176258
1875 -0.009984816320929448
1876 -0.003436418474461811
1877 -0.008522704707167194
1878 -0.01209655692588171
1879 -0.0003540829891234157
1880 -0.004404114852360798
1881 0.0009758026099803255
1882 0.0083657863316968
1883 -0.0025530698191669355
1884 0.005497755731019692
1885 -0.0046105313228167535
1886 -0.0011840029888266288
1887 0.0057467846606550806
1888 0.000917101694009572
1889 0.002254872608973243
1890 0.00097802593671933
1891 0.00037886330358081127
1892 0.006557459715856143
1893 0.007428312561039518
1894 -0.0005808108258224876
1895 -0.001446869301720906
1896 -0.002904932809516988
1897 0.0008567804174468453
1898 -0.005792732994202844
1899 -0.0038820012391687472
1900 -0.0020331295755435298
1901 -0.0012983292259588924
1902 -0.0017283973204081607
1903 -0.003975355778410746
1904 -0.00405611047001741
1905 -0.0024053088700678976
1906 -0.0075900686291576905
1907 -0.00935567169230295
1908 -0.015194807959818188
1909 -0.010071520559195178
1910 -0.002936843810018681
1911 -0.00033748672826604774
1912 0.0033992364756420144
1913 0.005023071843649461
1914 -0.007515176887894817
1915 0.001108335816178745
1916 0.0019172232683343177
1917 -0.009448666526770903
1918 -0.010142030400581788
1919 -0.004667579316622931
1920 -0.010364690775272021
1921 -0.016019627106347238
1922 -0.005079040935655104
1923 -0.006508675304665214
1924 -0.00790410136241686
1925 -0.005290237220970217
1926 -0.018735873859303358
1927 -0.010254244816214432
1928 -0.0018942124281546631
1929 -0.0006097916980514457
1930 -0.006005544534957681
1931 -0.004913238080758249
1932 0.0014629338937053515
1933 0.004447463352979264
1934 -0.006017909993124513
1935 -0.008649667673614256
1936 0.003395193572055999
1937 0.0001466185315101312
1938 0.0010247188113752376
1939 -0.009565745831963643
1940 -0.005535359173808238
1941 -0.006178346065550315
1942 0.0007207003530634873
1943 0.0057105256423948215
1944 0.0027380375003028933
1945 0.0010097327360322642
1946 -0.015624847558501891
1947 -0.0005023890934704162
1948 0.0047172541829392355
1949 -0.003418792050080761
1950 -0.013409649910896604
1951 -0.00585922231864908
1952 -0.00014797637671063883
1953 -0.007622375635596587
1954 -0.0049976022013076766
1955 -0.007987721810824426
1956 -0.007115655037707145
1957 0.006225877278780077
1958 0.002412403422803882
1959 0.0010594075278679079
1960 -0.009883778634368665
1961 -0.004012484608864305
1962 0.010976760942229961
1963 -0.0031249924183611474
1964 -0.007682219057423002
1965 -0.007938416636213298
1966 -0.0026272675676199102
1967 0.01898256261034579
1968 0.00985844156343499
1969 0.016716345467732742
1970 0.013179213174953686
1971 0.010487990452714344
1972 4.073598704187836e-06
1973 -0.01060601249334127
1974 0.0020502870860524026
1975 0.008653113772317578
1976 -0.0024568476159909313
1977 0.0029102365095296906
1978 -0.005125378933534944
1979 -0.00789352332854482
1980 -0.008435093671533209
1981 -0.005273422011769079
1982 0.002335786974626653
1983 -0.007703526273771022
1984 0.0042877745195566
1985 0.0034830192499869916
1986 0.010545266909839182
1987 0.005023949343738141
1988 0.005055914112088264
1989 0.008460776755524736
1990 0.006234088125979478
1991 0.014692652271478979
1992 0.006606702237062523
1993 0.002072921332795159
1994 -0.0026711037150588387
1995 0.0011057554832676556
1996 0.0025620135407970917
1997 0.0007106131674323102
1998 -0.0001574796136593551
1999 0.004721902583135201
2000 0.015409889111153761
2001 0.0011421013892512722
2002 -0.0018760861006059059
2003 -0.0027451230128601157
2004 0.0010206056398865022
2005 -0.0013542854850268798
2006 0.005800995052674582
2007 0.006864153935540792
2008 0.0005705426516771884
2009 0.0036613034158294562
2010 0.0024350825679280035
2011 -0.0026209145436199744
2012 -9.49320376264672e-05
2013 0.0012265172345064272
2014 0.005774986713332075
2015 0.0033328166634400435
2016 0.0044086696908346825
2017 0.00035809218878259585
2018 0.0015295531213063438
2019 0.005699811958187342
2020 -0.004046227955982578
2021 0.005806571011895873
2022 0.003465316522108886
2023 -0.005190911713451835
2024 0.0012358236880250395
2025 -0.0029850928171252142
2026 0.005733850876416773
2027 0.006480574603380559
2028 -0.00041476559247402914
2029 -0.002379725730941423
2030 0.0016352758109014676
2031 0.007782440165825692
2032 -0.001833099074970764
2033 0.0036419779733270962
2034 0.0004385829956762693
2035 -0.005315468322361156
2036 0.0002605243227618807
2037 0.006760763018240239
2038 -0.003551193220483527
2039 -0.004516078987177511
2040 0.010922676936194625
2041 0.010821441628244534
2042 0.0005243572968919659
2043 0.0029888316159120154
2044 0.0036560532090285348
2045 0.005625388989886303
2046 0.006934698696686009
2047 0.006008683045611824
