3006.9314 1000
3012.7078 1000
3015.7252 1000
3017.1322 1000
3018.4899 1000
3019.4219 1000
3030.4877 1000
3033.5083 1000
3038.5987 1000
3046.9513 1000
3047.8163 1000
3049.0924 1000
3060.4389 1000
3067.7294 1000
3068.9075 1000
3072.1150 1000
3072.8252 1000
3075.0565 1000
3078.8280 1000
3080.2170 1000
3090.0937 1000
3093.4019 1000
3097.2672 1000
3100.9382 1000
3102.6639 1000
3105.7474 1000
3107.0261 1000
3108.2968 1000
3110.0209 1000
3116.2630 1000
3117.6840 1000
3119.5262 1000
3120.8808 1000
3122.9634 1000
3124.3874 1000
3134.4257 1000
3136.2161 1000
3136.8293 1000
3140.2720 1000
3141.8472 1000
3142.8356 1000
3145.6370 1000
3146.0434 1000
3147.4486 1000
3150.4551 1000
3151.6466 1000
3154.3009 1000
3155.8302 1000
3156.4006 1000
3161.3726 1000
3167.5606 1000
3169.6685 1000
3171.2755 1000
3172.1112 1000
3173.4266 1000
3174.2043 1000
3175.7257 1000
3176.1671 1000
3178.2433 1000
3179.0482 1000
3180.1937 1000
3181.0376 1000
3181.6722 1000
3204.3210 1000
3210.3088 1000
3211.1943 1000
3212.0220 1000
3213.5741 1000
3215.7781 1000
3220.3508 1000
3229.0096 1000
3230.8679 1000
3235.8400 1000
3238.1157 1000
3238.9343 1000
3243.6887 1000
3244.4488 1000
3245.7603 1000
3249.8003 1000
3251.9159 1000
3252.9644 1000
3253.8659 1000
3254.8099 1000
3256.2738 1000
3257.3667 1000
3258.1054 1000
3259.0608 1000
3259.6164 1000
3260.9417 1000
3262.6684 1000
3265.5778 1000
3271.1199 1000
3271.8912 1000
3272.0268 1000
3273.9157 1000
3275.0676 1000
3276.1712 1000
3280.3713 1000
3281.0488 1000
3281.2731 1000
3281.7016 1000
3282.6166 1000
3282.9795 1000
3285.7525 1000
3286.5829 1000
3287.7893 1000
3290.5996 1000
3291.7394 1000
3292.5209 1000
3293.2257 1000
3293.9481 1000
3294.2452 1000
3296.6073 1000
3297.3748 1000
3297.8333 1000
3298.0498 1000
3299.6687 1000
3301.6511 1000
3304.2383 1000
3305.3036 1000
3307.2283 1000
3308.4740 1000
3309.3654 1000
3310.1988 1000
3313.6784 1000
3314.8268 1000
3319.9101 1000
3320.3004 1000
3320.4763 1000
3321.4508 1000
3321.5741 1000
3322.0933 1000
3324.7527 1000
3325.1207 1000
3326.4652 1000
3327.1931 1000
3329.7284 1000
3330.4770 1000
3333.1290 1000
3334.6041 1000
3335.0639 1000
3336.1618 1000
3337.8703 1000
3338.3970 1000
3340.7254 1000
3343.1644 1000
3343.6183 1000
3345.1709 1000
3345.8804 1000
3346.5560 1000
3346.9648 1000
3347.9923 1000
3348.7684 1000
3350.3514 1000
3350.9243 1000
3351.2286 1000
3353.9484 1000
3354.1796 1000
3354.6185 1000
3355.1061 1000
3355.2587 1000
3355.5631 1000
3358.6020 1000
3359.7569 1000
3360.3735 1000
3360.9982 1000
3361.1979 1000
3361.6190 1000
3361.7367 1000
3362.6762 1000
3364.6855 1000
3365.1376 1000
3365.3383 1000
3366.5171 1000
3367.5822 1000
3367.8189 1000
3371.7967 1000
3372.8230 1000
3373.4925 1000
3374.5814 1000
3374.9749 1000
3376.4359 1000
3378.5734 1000
3380.8595 1000
3383.1068 1000
3385.5316 1000
3386.5006 1000
3387.9205 1000
3388.5309 1000
3389.4632 1000
3389.6405 1000
3390.3681 1000
3391.8713 1000
3392.0349 1000
3393.4215 1000
3393.9929 1000
3394.7970 1000
3396.7278 1000
3397.5161 1000
3398.5448 1000
3401.7110 1000
3402.0264 1000
3402.6952 1000
3404.6508 1000
3405.5584 1000
3406.2418 1000
3407.8302 1000
3408.7499 1000
3409.2699 1000
3410.0756 1000
3413.0130 1000
3415.8846 1000
3417.4978 1000
3418.7755 1000
3419.1733 1000
3421.2100 1000
3422.6561 1000
3423.1290 1000
3423.9897 1000
3425.4348 1000
3425.9436 1000
3427.0923 1000
3428.6221 1000
3428.7144 1000
3428.9992 1000
3430.4175 1000
3431.8104 1000
3433.9988 1000
3434.7271 1000
3435.9771 1000
3436.7272 1000
3437.3071 1000
3438.9503 1000
3439.3987 1000
3439.7118 1000
3441.0359 1000
3441.3647 1000
3441.5268 1000
3442.5790 1000
3445.2173 1000
3445.7441 1000
3446.5474 1000
3448.9487 1000
3449.2871 1000
3449.6448 1000
3451.7023 1000
3452.6820 1000
3454.0952 1000
3455.6130 1000
3457.0691 1000
3461.0187 1000
3461.2172 1000
3462.8505 1000
3463.7197 1000
3464.1272 1000
3465.0626 1000
3465.7650 1000
3466.5383 1000
3466.6459 1000
3468.2198 1000
3469.3454 1000
3469.9208 1000
3470.5675 1000
3471.0005 1000
3471.2186 1000
3471.9593 1000
3476.3852 1000
3476.7474 1000
3477.7042 1000
3478.2324 1000
3478.4635 1000
3479.1725 1000
3479.6847 1000
3480.0525 1000
3480.5055 1000
3482.5482 1000
3482.7613 1000
3484.0800 1000
3485.2124 1000
3486.5512 1000
3487.8436 1000
3488.8338 1000
3489.1841 1000
3489.5076 1000
3490.4524 1000
3490.8733 1000
3491.2439 1000
3491.5360 1000
3491.9000 1000
3493.2513 1000
3493.5185 1000
3495.6998 1000
3496.0604 1000
3496.8107 1000
3497.2628 1000
3498.0098 1000
3498.6210 1000
3499.6829 1000
3499.8218 1000
3499.9866 1000
3500.1032 1000
3501.4559 1000
3501.8666 1000
3502.9637 1000
3503.6144 1000
3503.7859 1000
3505.4941 1000
3506.1328 1000
3506.6458 1000
3507.5464 1000
3509.0889 1000
3509.7785 1000
3511.1574 1000
3511.5620 1000
3512.7425 1000
3514.3877 1000
3514.9621 1000
3516.3545 1000
3516.8243 1000
3518.4040 1000
3518.8858 1000
3519.9936 1000
3521.0595 1000
3521.2601 1000
3523.5061 1000
3523.7585 1000
3524.1787 1000
3524.7091 1000
3526.6342 1000
3527.0005 1000
3527.3224 1000
3528.4116 1000
3528.8202 1000
3528.9544 1000
3529.3859 1000
3530.5148 1000
3531.4505 1000
3533.1826 1000
3535.3196 1000
3536.0108 1000
3537.1597 1000
3539.3223 1000
3539.5872 1000
3539.8401 1000
3541.6159 1000
3542.4979 1000
3543.1475 1000
3544.0179 1000
3545.2851 1000
3545.5956 1000
3545.8450 1000
3547.3376 1000
3547.9175 1000
3548.5144 1000
3549.5959 1000
3550.7184 1000
3551.4019 1000
3553.1103 1000
3554.3058 1000
3555.0135 1000
3555.7046 1000
3556.3144 1000
3556.9041 1000
3557.4645 1000
3559.5081 1000
3561.0304 1000
3561.7809 1000
3562.1930 1000
3565.0298 1000
3565.6042 1000
3567.0471 1000
3567.2638 1000
3567.6564 1000
3569.6204 1000
3569.8204 1000
3570.3577 1000
3570.5239 1000
3571.5731 1000
3572.3923 1000
3573.2196 1000
3575.1263 1000
3575.3018 1000
3575.3224 1000
3576.6156 1000
3577.5994 1000
3578.9497 1000
3579.4575 1000
3580.2314 1000
3581.6084 1000
3581.7579 1000
3582.0091 1000
3582.3546 1000
3583.1022 1000
3584.1756 1000
3585.0509 1000
3585.7702 1000
3588.4407 1000
3589.1538 1000
3589.3603 1000
3589.7495 1000
3589.9941 1000
3590.5250 1000
3590.9253 1000
3591.4524 1000
3592.7794 1000
3594.1111 1000
3594.7216 1000
3594.9856 1000
3595.6177 1000
3597.4955 1000
3598.1199 1000
3598.5247 1000
3599.7240 1000
3600.4323 1000
3601.0344 1000
3601.5093 1000
3601.7716 1000
3603.2042 1000
3604.0656 1000
3604.6819 1000
3605.1936 1000
3605.8792 1000
3606.0909 1000
3606.2481 1000
3606.5218 1000
3607.3933 1000
3608.3770 1000
3609.2251 1000
3609.4452 1000
3610.3971 1000
3611.1604 1000
3612.4275 1000
3612.8666 1000
3613.7795 1000
3614.0097 1000
3614.2133 1000
3614.3534 1000
3615.1327 1000
3615.8503 1000
3616.1778 1000
3617.1173 1000
3617.6716 1000
3618.3633 1000
3619.2119 1000
3620.8387 1000
3621.1187 1000
3622.1375 1000
3622.3358 1000
3622.7954 1000
3623.7725 1000
3624.4720 1000
3624.8953 1000
3625.0293 1000
3625.1496 1000
3625.6280 1000
3625.8933 1000
3626.9390 1000
3629.8503 1000
3632.8303 1000
3634.5822 1000
3634.8124 1000
3635.2419 1000
3635.4195 1000
3635.9433 1000
3636.1728 1000
3636.5667 1000
3636.8345 1000
3637.0310 1000
3637.5557 1000
3638.3192 1000
3638.6444 1000
3639.4469 1000
3639.8329 1000
3641.9647 1000
3642.2490 1000
3642.5729 1000
3643.5123 1000
3643.8250 1000
3644.4075 1000
3644.7138 1000
3645.3638 1000
3645.7065 1000
3646.2677 1000
3647.6455 1000
3648.1741 1000
3648.4212 1000
3649.2496 1000
3649.7349 1000
3650.8896 1000
3651.5716 1000
3652.1683 1000
3652.5372 1000
3654.4618 1000
3655.1256 1000
3655.2782 1000
3656.0498 1000
3656.2006 1000
3656.6938 1000
3657.0554 1000
3657.6427 1000
3658.0637 1000
3658.2275 1000
3658.8087 1000
3659.6294 1000
3660.4370 1000
3661.6214 1000
3661.9833 1000
3662.2855 1000
3662.7504 1000
3663.2025 1000
3663.5444 1000
3663.7023 1000
3665.1811 1000
3665.4407 1000
3666.9811 1000
3667.6218 1000
3668.1398 1000
3668.3901 1000
3669.6024 1000
3669.9684 1000
3670.6370 1000
3671.0048 1000
3671.5398 1000
3672.3003 1000
3672.5218 1000
3673.2645 1000
3673.7935 1000
3674.0147 1000
3674.8910 1000
3675.1372 1000
3675.5675 1000
3675.7893 1000
3675.9592 1000
3676.1424 1000
3676.6897 1000
3677.9139 1000
3678.0483 1000
3678.2701 1000
3678.4804 1000
3679.1343 1000
3679.5444 1000
3679.7105 1000
3680.0609 1000
3680.4477 1000
3680.6053 1000
3681.8836 1000
3682.1793 1000
3682.4863 1000
3683.4931 1000
3684.9329 1000
3685.5870 1000
3686.9812 1000
3687.1943 1000
3687.4936 1000
3687.6700 1000
3687.9841 1000
3688.7604 1000
3690.1158 1000
3690.6238 1000
3691.4117 1000
3691.6141 1000
3691.8759 1000
3692.0763 1000
3692.5664 1000
3693.2473 1000
3693.5238 1000
3693.9946 1000
3694.1785 1000
3694.3651 1000
3694.7854 1000
3695.2889 1000
3695.9737 1000
3696.6468 1000
3697.0308 1000
3697.7436 1000
3698.1061 1000
3698.7545 1000
3699.1811 1000
3699.8808 1000
3700.3118 1000
3700.7653 1000
3700.9872 1000
3702.8638 1000
3703.2299 1000
3703.7743 1000
3704.3373 1000
3704.7103 1000
3704.8616 1000
3706.0238 1000
3706.7672 1000
3707.0036 1000
3707.4282 1000
3708.7530 1000
3709.8620 1000
3711.3041 1000
3711.6229 1000
3711.8332 1000
3712.5591 1000
3714.0705 1000
3714.3254 1000
3715.5606 1000
3715.8615 1000
3716.5836 1000
3717.1713 1000
3717.8293 1000
3718.2065 1000
3719.4347 1000
3719.8362 1000
3719.9772 1000
3720.3073 1000
3720.4265 1000
3721.2152 1000
3721.8254 1000
3722.1154 1000
3723.2898 1000
3723.6561 1000
3723.9199 1000
3724.5165 1000
3725.3932 1000
3726.7246 1000
3727.6120 1000
3727.9027 1000
3729.3087 1000
3729.8361 1000
3729.9459 1000
3730.3683 1000
3730.7485 1000
3732.9854 1000
3733.6724 1000
3734.5977 1000
3735.5109 1000
3736.9026 1000
3737.5125 1000
3737.8890 1000
3738.8439 1000
3740.8551 1000
3741.1830 1000
3742.2773 1000
3742.9234 1000
3743.5083 1000
3743.8958 1000
3744.7367 1000
3744.9109 1000
3745.1763 1000
3745.6591 1000
3745.9706 1000
3746.9133 1000
3747.5390 1000
3748.2838 1000
3749.0843 1000
3749.6183 1000
3750.4939 1000
3750.6602 1000
3751.0219 1000
3752.5689 1000
3753.2421 1000
3753.5177 1000
3754.0308 1000
3754.2884 1000
3754.5930 1000
3755.2121 1000
3755.9869 1000
3756.2941 1000
3757.6941 1000
3758.4671 1000
3758.7063 1000
3759.4342 1000
3760.2724 1000
3761.1019 1000
3761.3164 1000
3761.7044 1000
3762.4166 1000
3763.5053 1000
3765.2700 1000
3766.1186 1000
3766.4473 1000
3767.0819 1000
3767.9007 1000
3768.4359 1000
3769.5854 1000
3770.0560 1000
3770.3687 1000
3770.5200 1000
3771.3708 1000
3771.6150 1000
3772.2369 1000
3772.6498 1000
3773.0521 1000
3773.7574 1000
3774.2037 1000
3774.7331 1000
3775.4234 1000
3775.9028 1000
3776.2711 1000
3776.6239 1000
3777.4167 1000
3777.7473 1000
3779.5624 1000
3780.8398 1000
3780.9662 1000
3781.3189 1000
3783.0127 1000
3783.2964 1000
3783.4936 1000
3784.5749 1000
3784.7942 1000
3785.2804 1000
3785.6002 1000
3786.3824 1000
3786.883  1000
3789.168  1000
3790.356  1000
3790.795  1000
3792.374  1000
3792.730  1000
3794.151  1000
3794.318  1000
3795.3800 1000
3798.103  1000
3799.3820 1000
3800.198  1000
3801.443  1000
3803.0750 1000
3803.984  1000
3805.314  1000
3805.820  1000
3807.874  1000
3808.129  1000
3808.5748 1000
3809.4561 1000
3809.835  1000
3813.0678 1000
3816.1666 1000
3817.4767 1000
3818.6855 1000
3820.7926 1000
3821.4308 1000
3822.1485 1000
3822.8619 1000
3823.0676 1000
3823.4577 1000
3823.5852 1000
3824.5533 1000
3825.1331 1000
3825.6729 1000
3826.3688 1000
3826.8072 1000
3828.3846 1000
3830.0606 1000
3830.5100 1000
3830.7736 1000
3831.6398 1000
3832.3035 1000
3833.0860 1000
3834.6787 1000
3835.7111 1000
3836.5851 1000
3837.8752 1000
3838.2922 1000
3839.6953 1000
3840.3809 1000
3840.8004 1000
3841.5187 1000
3841.9601 1000
3842.5502 1000
3842.8968 1000
3843.5087 1000
3844.7311 1000
3845.4055 1000
3846.2491 1000
3846.6267 1000
3846.8876 1000
3847.6199 1000
3849.1832 1000
3849.9114 1000
3850.1340 1000
3850.5813 1000
3851.1583 1000
3852.1353 1000
3852.9590 1000
3853.8277 1000
3854.5108 1000
3856.3544 1000
3857.5089 1000
3858.9038 1000
3859.8396 1000
3861.3524 1000
3862.0522 1000
3862.4218 1000
3863.4059 1000
3866.9092 1000
3867.5786 1000
3868.2547 1000
3868.5284 1000
3869.6633 1000
3871.4563 1000
3871.6174 1000
3872.1371 1000
3873.1479 1000
3873.4740 1000
3873.8224 1000
3874.2438 1000
3874.8619 1000
3875.3731 1000
3875.6462 1000
3878.6620 1000
3879.2688 1000
3879.4454 1000
3879.6441 1000
3880.1948 1000
3880.3332 1000
3881.4980 1000
3882.1430 1000
3883.7683 1000
3884.5245 1000
3884.8225 1000
3885.4038 1000
3885.7681 1000
3886.0049 1000
3886.2564 1000
3886.9159 1000
3889.9059 1000
3891.2045 1000
3891.4017 1000
3891.7260 1000
3891.9792 1000
3893.6519 1000
3894.6600 1000
3895.4192 1000
3898.4374 1000
3898.7967 1000
3899.0310 1000
3900.5767 1000
3900.8785 1000
3901.1522 1000
3901.6621 1000
3902.1708 1000
3903.1024 1000
3903.4812 1000
3904.0828 1000
3905.1865 1000
3907.1603 1000
3907.5432 1000
3908.7491 1000
3908.9797 1000
3909.1390 1000
3910.5210 1000
3910.7734 1000
3911.5760 1000
3911.9091 1000
3912.2810 1000
3913.6450 1000
3914.1623 1000
3914.7675 1000
3915.2953 1000
3915.8489 1000
3916.4176 1000
3917.2693 1000
3918.0701 1000
3918.5115 1000
3919.0234 1000
3919.4602 1000
3922.2191 1000
3923.7995 1000
3924.4034 1000
3925.0934 1000
3925.7188 1000
3926.0456 1000
3926.8630 1000
3927.1762 1000
3927.8062 1000
3928.6233 1000
3929.2904 1000
3929.6693 1000
3930.3303 1000
3931.2566 1000
3931.9941 1000
3932.2264 1000
3932.5466 1000
3932.9113 1000
3933.2375 1000
3933.6611 1000
3934.2742 1000
3935.2037 1000
3935.9388 1000
3936.3532 1000
3937.0406 1000
3937.9237 1000
3938.1523 1000
3938.4227 1000
3939.1593 1000
3939.3188 1000
3940.3686 1000
3940.8387 1000
3942.0732 1000
3942.3580 1000
3944.2534 1000
3945.1352 1000
3945.5072 1000
3945.8201 1000
3946.1455 1000
3946.3921 1000
3947.1364 1000
3947.3308 1000
3947.5046 1000
3948.0305 1000
3948.9789 1000
3950.3951 1000
3950.8050 1000
3951.1085 1000
3951.5149 1000
3952.2355 1000
3952.7608 1000
3953.4448 1000
3954.7267 1000
3955.1699 1000
3955.8903 1000
3956.6908 1000
3958.2372 1000
3959.3000 1000
3960.8796 1000
3961.5208 1000
3962.4196 1000
3963.2199 1000
3963.4688 1000
3964.0302 1000
3964.7257 1000
3966.9647 1000
3967.3921 1000
3968.4673 1000
3969.0026 1000
3969.6641 1000
3972.1545 1000
3972.6395 1000
3973.1961 1000
3974.4766 1000
3974.7590 1000
3975.2218 1000
3975.4674 1000
3976.4149 1000
3979.0433 1000
3979.3559 1000
3980.0896 1000
3980.7550 1000
3981.1065 1000
3981.8281 1000
3982.1020 1000
3982.8956 1000
3984.0955 1000
3984.3757 1000
3984.8795 1000
3986.0739 1000
3987.2061 1000
3987.7062 1000
3988.0273 1000
3988.5997 1000
3988.8456 1000
3990.4922 1000
3991.7309 1000
3992.0535 1000
3992.2726 1000
3993.2989 1000
3994.5494 1000
3994.7918 1000
3996.0617 1000
3996.6687 1000
3997.4687 1000
3997.8654 1000
3998.4038 1000
3998.7334 1000
3998.9526 1000
4000.2811 1000
4001.0581 1000
4001.8935 1000
4003.1057 1000
4003.3086 1000
4003.5740 1000
4005.0928 1000
4005.3628 1000
4005.9615 1000
4006.3806 1000
4007.0188 1000
4008.2102 1000
4009.0112 1000
4011.5916 1000
4011.7398 1000
4012.4952 1000
4013.8566 1000
4014.5143 1000
4014.7164 1000
4017.0627 1000
4018.0990 1000
4019.1289 1000
4020.3541 1000
4021.1498 1000
4021.7506 1000
4022.0674 1000
4023.3378 1000
4024.8025 1000
4025.6556 1000
4027.0091 1000
4028.6991 1000
4029.8256 1000
4030.2925 1000
4030.8424 1000
4031.3581 1000
4032.4531 1000
4032.5951 1000
4034.2461 1000
4034.9218 1000
4035.4600 1000
4036.0479 1000
4036.5652 1000
4037.5614 1000
4038.2287 1000
4038.8043 1000
4039.8648 1000
4040.3931 1000
4041.2036 1000
4042.8937 1000
4043.1302 1000
4043.3948 1000
4044.4179 1000
4044.9269 1000
4045.2268 1000
4045.9654 1000
4047.4815 1000
4048.0318 1000
4048.2876 1000
4048.4324 1000
4049.5361 1000
4049.9447 1000
4050.8872 1000
4051.1090 1000
4051.4991 1000
4052.9208 1000
4053.5277 1000
4054.3017 1000
4054.5258 1000
4057.3312 1000
4057.9412 1000
4059.2529 1000
4060.0616 1000
4061.6254 1000
4063.4071 1000
4063.6920 1000
4064.3315 1000
4066.8219 1000
4067.4507 1000
4067.8759 1000
4068.4703 1000
4069.2014 1000
4069.4612 1000
4069.7608 1000
4070.2383 1000
4070.7835 1000
4071.7513 1000
4072.0047 1000
4072.3849 1000
4072.6284 1000
4073.8563 1000
4074.6420 1000
4075.5030 1000
4075.9070 1000
4076.6284 1000
4076.9432 1000
4078.3015 1000
4078.8751 1000
4079.5738 1000
4080.3580 1000
4080.7058 1000
4081.3678 1000
4081.5914 1000
4082.0817 1000
4082.3872 1000
4083.4688 1000
4084.6192 1000
4085.0421 1000
4085.2564 1000
4085.4341 1000
4086.5205 1000
4087.2848 1000
4088.7264 1000
4089.1379 1000
4091.3476 1000
4091.7368 1000
4093.3921 1000
4093.6713 1000
4094.7470 1000
4096.0759 1000
4097.7478 1000
4098.7316 1000
4098.9327 1000
4100.3414 1000
4102.6177 1000
4102.8199 1000
4103.2627 1000
4103.9121 1000
4104.3821 1000
4104.8385 1000
4105.3301 1000
4105.9150 1000
4107.0506 1000
4107.8614 1000
4108.4198 1000
4109.3234 1000
4110.8260 1000
4112.7545 1000
4113.5575 1000
4115.7589 1000
4116.3753 1000
4116.7137 1000
4118.4893 1000
4124.0403 1000
4127.4120 1000
4128.0499 1000
4128.6400 1000
4129.5116 1000
4130.3247 1000
4131.0021 1000
4131.4265 1000
4131.7235 1000
4132.7533 1000
4134.0681 1000
4134.3235 1000
4135.4800 1000
4138.0406 1000
4140.2350 1000
4140.3855 1000
4142.4741 1000
4142.7010 1000
4143.6491 1000
4147.5396 1000
4148.1816 1000
4151.1453 1000
4154.7205 1000
4156.0860 1000
4156.2382 1000
4156.5166 1000
4157.2804 1000
4158.5905 1000
4159.1537 1000
4159.6599 1000
4161.7389 1000
4162.5090 1000
4163.6469 1000
4163.9479 1000
4164.1795 1000
4164.9735 1000
4165.7661 1000
4168.6341 1000
4169.0851 1000
4170.5333 1000
4170.7856 1000
4171.3410 1000
4172.6257 1000
4174.4396 1000
4178.0597 1000
4178.3658 1000
4178.8481 1000
4179.9601 1000
4180.3272 1000
4180.7210 1000
4181.8836 1000
4182.9342 1000
4183.5645 1000
4184.1376 1000
4184.6045 1000
4185.1447 1000
4185.4693 1000
4187.1410 1000
4190.7129 1000
4191.0294 1000
4191.8269 1000
4192.3620 1000
4193.0164 1000
4194.0826 1000
4194.9361 1000
4195.8326 1000
4198.3170 1000
4199.8891 1000
4200.6745 1000
4201.9715 1000
4203.5762 1000
4204.0413 1000
4208.4108 1000
4208.8907 1000
4209.9727 1000
4210.4554 1000
4210.9232 1000
4213.0673 1000
4213.3779 1000
4214.8285 1000
4215.6272 1000
4216.0698 1000
4216.3722 1000
4217.4308 1000
4218.6649 1000
4220.0651 1000
4220.7323 1000
4222.6373 1000
4223.4403 1000
4224.2413 1000
4226.2994 1000
4226.7267 1000
4226.9876 1000
4227.3872 1000
4228.1580 1000
4229.1477 1000
4229.4546 1000
4229.8644 1000
4230.4267 1000
4230.8242 1000
4233.2873 1000
4235.4636 1000
4236.0471 1000
4237.2198 1000
4239.7873 1000
4240.5947 1000
4241.0948 1000
4241.9725 1000
4242.7197 1000
4243.0195 1000
4243.2611 1000
4243.9241 1000
4247.5988 1000
4247.9886 1000
4248.3908 1000
4248.7400 1000
4249.4761 1000
4249.6791 1000
4250.3146 1000
4250.7749 1000
4251.1846 1000
4253.5385 1000
4253.8674 1000
4255.2373 1000
4255.7972 1000
4256.2537 1000
4257.4963 1000
4257.8982 1000
4258.5204 1000
4258.9955 1000
4259.3619 1000
4260.3330 1000
4260.9845 1000
4261.2754 1000
4261.4920 1000
4261.9665 1000
4262.6124 1000
4263.3561 1000
4264.1064 1000
4264.3399 1000
4266.2864 1000
4266.5271 1000
4267.5191 1000
4269.0639 1000
4269.9426 1000
4270.3290 1000
4270.7349 1000
4271.4396 1000
4272.1689 1000
4272.8745 1000
4273.3574 1000
4274.0246 1000
4275.1596 1000
4276.8073 1000
4277.3139 1000
4277.5282 1000
4278.3232 1000
4279.0627 1000
4280.5680 1000
4281.0678 1000
4281.4145 1000
4282.0413 1000
4283.5184 1000
4284.9749 1000
4285.1823 1000
4286.2285 1000
4287.0808 1000
4288.4694 1000
4288.6688 1000
4289.3632 1000
4289.6551 1000
4290.3937 1000
4291.8098 1000
4292.3057 1000
4293.7698 1000
4294.7193 1000
4295.5849 1000
4295.8155 1000
4297.3066 1000
4297.9392 1000
4298.1224 1000
4298.9860 1000
4299.6352 1000
4299.8393 1000
4300.1008 1000
4300.6495 1000
4302.5261 1000
4303.3867 1000
4303.9892 1000
4304.4179 1000
4304.9565 1000
4306.3668 1000
4307.1762 1000
4307.7406 1000
4308.1220 1000
4308.6001 1000
4309.2392 1000
4311.7994 1000
4312.9975 1000
4313.3084 1000
4313.6025 1000
4314.3195 1000
4315.2543 1000
4315.9484 1000
4316.1094 1000
4316.3726 1000
4317.8400 1000
4318.4157 1000
4318.6491 1000
4319.0973 1000
4320.1264 1000
4325.2741 1000
4325.8599 1000
4327.7145 1000
4328.6879 1000
4328.9154 1000
4330.4120 1000
4330.8438 1000
4331.1995 1000
4332.0297 1000
4332.3395 1000
4333.5612 1000
4333.9369 1000
4335.3379 1000
4337.0708 1000
4337.2774 1000
4338.1078 1000
4339.8716 1000
4340.8954 1000
4342.4442 1000
4343.3817 1000
4343.6035 1000
4343.9515 1000
4344.3265 1000
4344.6092 1000
4345.1680 1000
4346.4367 1000
4347.6385 1000
4348.0640 1000
4348.5982 1000
4349.0722 1000
4350.2717 1000
4351.2719 1000
4352.2049 1000
4352.6122 1000
4352.8201 1000
4353.4487 1000
4354.4824 1000
4355.3205 1000
4355.5259 1000
4356.0445 1000
4357.6132 1000
4358.3200 1000
4359.3719 1000
4360.1672 1000
4360.7178 1000
4361.3071 1000
4362.0662 1000
4362.4721 1000
4363.7945 1000
4364.0401 1000
4365.9301 1000
4366.9657 1000
4367.2862 1000
4367.4180 1000
4367.8316 1000
4369.8756 1000
4370.7532 1000
4371.3290 1000
4372.4900 1000
4374.1239 1000
4374.7851 1000
4375.9542 1000
4376.5309 1000
4378.1768 1000
4379.6668 1000
4380.2863 1000
4381.4018 1000
4381.8601 1000
4382.8934 1000
4384.6560 1000
4385.0566 1000
4385.7535 1000
4388.1014 1000
4388.9680 1000
4391.1105 1000
4391.3893 1000
4392.9740 1000
4393.7590 1000
4394.8945 1000
4396.1394 1000
4396.4783 1000
4397.0097 1000
4397.9149 1000
4399.0939 1000
4399.4060 1000
4400.0968 1000
4400.3863 1000
4400.9863 1000
4401.5812 1000
4402.2452 1000
4402.6001 1000
4402.9271 1000
4404.9022 1000
4408.4822 1000
4408.8828 1000
4409.8991 1000
4413.3745 1000
4413.6324 1000
4414.4863 1000
4414.7670 1000
4416.2370 1000
4416.8447 1000
4418.4157 1000
4419.7692 1000
4420.2571 1000
4421.5439 1000
4422.0479 1000
4423.7202 1000
4424.8373 1000
4426.0011 1000
4428.5536 1000
4429.6348 1000
4429.8227 1000
4430.1890 1000
4430.9963 1000
4432.2523 1000
4432.9628 1000
4433.4907 1000
4433.8380 1000
4434.8266 1000
4434.9564 1000
4435.6787 1000
4436.0484 1000
4436.2844 1000
4436.9961 1000
4438.7464 1000
4439.1237 1000
4439.4614 1000
4439.8793 1000
4440.5737 1000
4440.8659 1000
4441.6084 1000
4443.0863 1000
4443.6657 1000
4445.0338 1000
4445.9012 1000
4447.2296 1000
4447.8346 1000
4448.8792 1000
4449.5206 1000
4450.8040 1000
4452.5655 1000
4454.1392 1000
4454.7738 1000
4456.7080 1000
4457.2362 1000
4458.0015 1000
4458.7384 1000
4459.5477 1000
4460.5574 1000
4461.2412 1000
4461.5278 1000
4463.6660 1000
4463.8346 1000
4464.1386 1000
4465.3406 1000
4465.9751 1000
4466.6245 1000
4468.3208 1000
4469.1891 1000
4469.5253 1000
4470.9906 1000
4472.8462 1000
4474.0730 1000
4474.7594 1000
4475.2214 1000
4478.4032 1000
4478.5958 1000
4479.6376 1000
4480.2661 1000
4480.5453 1000
4481.8107 1000
4482.1693 1000
4483.3468 1000
4486.8973 1000
4487.4955 1000
4488.3123 1000
4488.6808 1000
4489.6645 1000
4490.6715 1000
4490.9816 1000
4492.1007 1000
4493.3337 1000
4494.6907 1000
4494.9616 1000
4495.2378 1000
4496.3155 1000
4496.6381 1000
4497.9144 1000
4498.5384 1000
4498.9401 1000
4499.3796 1000
4499.7037 1000
4499.9832 1000
4500.5769 1000
4502.9268 1000
4504.6306 1000
4505.2167 1000
4506.4730 1000
4507.4185 1000
4507.8339 1000
4509.9587 1000
4510.5259 1000
4510.7332 1000
4512.4832 1000
4513.2231 1000
4513.6799 1000
4514.0573 1000
4514.5503 1000
4515.1182 1000
4515.6274 1000
4517.0352 1000
4519.2592 1000
4521.1939 1000
4521.7407 1000
4522.3230 1000
4522.7839 1000
4524.1289 1000
4524.8379 1000
4526.0286 1000
4526.9177 1000
4527.7086 1000
4528.0208 1000
4528.9740 1000
4530.3191 1000
4530.5523 1000
4531.7134 1000
4532.2577 1000
4533.0770 1000
4533.3042 1000
4534.1198 1000
4534.4025 1000
4535.2546 1000
4535.4903 1000
4535.9798 1000
4537.6426 1000
4540.9990 1000
4542.0513 1000
4543.4153 1000
4543.8692 1000
4544.5142 1000
4545.0519 1000
4545.9156 1000
4546.6757 1000
4547.2498 1000
4547.7589 1000
4548.3261 1000
4549.6262 1000
4549.8341 1000
4551.4736 1000
4552.1536 1000
4553.8376 1000
4555.8127 1000
4556.3872 1000
4558.3458 1000
4559.0571 1000
4559.3120 1000
4561.3477 1000
4562.0803 1000
4562.4756 1000
4564.4054 1000
4564.8354 1000
4566.6497 1000
4567.2403 1000
4568.1426 1000
4568.5235 1000
4570.9722 1000
4571.2195 1000
4571.5312 1000
4573.7038 1000
4574.0279 1000
4574.3058 1000
4575.2338 1000
4575.4259 1000
4576.7405 1000
4577.5822 1000
4578.5512 1000
4579.3495 1000
4579.8272 1000
4581.1732 1000
4584.6518 1000
4585.8642 1000
4588.4261 1000
4589.1222 1000
4589.2668 1000
4589.8978 1000
4592.6660 1000
4593.6437 1000
4595.4206 1000
4596.0967 1000
4596.3078 1000
4598.7627 1000
4599.7046 1000
4600.8717 1000
4602.8862 1000
4603.1446 1000
4606.5021 1000
4607.3780 1000
4607.9347 1000
4608.6201 1000
4609.5673 1000
4610.0809 1000
4610.6272 1000
4611.8597 1000
4612.5435 1000
4613.6044 1000
4615.0240 1000
4615.3340 1000
4616.4523 1000
4620.2408 1000
4620.4476 1000
4621.1629 1000
4622.1209 1000
4623.1169 1000
4623.8911 1000
4624.1365 1000
4624.3140 1000
4624.6776 1000
4625.0538 1000
4625.2747 1000
4625.4938 1000
4627.2980 1000
4628.2015 1000
4628.4409 1000
4631.7617 1000
4633.7657 1000
4637.2328 1000
4638.1259 1000
4638.6849 1000
4639.5188 1000
4639.7036 1000
4640.0462 1000
4643.5566 1000
4644.7072 1000
4646.6861 1000
4647.2509 1000
4647.9564 1000
4649.9777 1000
4650.2343 1000
4651.5552 1000
4651.9895 1000
4654.0057 1000
4655.2126 1000
4656.5518 1000
4657.9012 1000
4659.5698 1000
4660.3941 1000
4662.5936 1000
4663.2026 1000
4664.9704 1000
4666.0050 1000
4666.5158 1000
4666.7985 1000
4668.1716 1000
4669.3561 1000
4669.6658 1000
4669.9842 1000
4672.4372 1000
4673.6609 1000
4675.3760 1000
4676.0555 1000
4676.9721 1000
4678.2352 1000
4680.2377 1000
4680.6460 1000
4682.7322 1000
4683.3517 1000
4686.1946 1000
4686.5715 1000
4690.3343 1000
4690.6219 1000
4691.0516 1000
4691.3452 1000
4691.6354 1000
4691.8842 1000
4694.0914 1000
4695.0381 1000
4695.4542 1000
4698.2248 1000
4700.1402 1000
4700.7711 1000
4702.3161 1000
4703.9898 1000
4705.2986 1000
4705.7606 1000
4706.2511 1000
4707.0450 1000
4708.2940 1000
4711.4184 1000
4712.0056 1000
4712.4814 1000
4712.8408 1000
4714.6715 1000
4715.4308 1000
4717.3905 1000
4719.4424 1000
4719.9795 1000
4720.4586 1000
4720.7811 1000
4721.2765 1000
4721.5910 1000
4722.0886 1000
4722.5006 1000
4723.4382 1000
4723.7840 1000
4726.8683 1000
4727.8491 1000
4728.1330 1000
4729.1282 1000
4729.8795 1000
4730.0918 1000
4730.6593 1000
4730.8815 1000
4732.0532 1000
4734.0458 1000
4735.9058 1000
4737.9172 1000
4739.6764 1000
4740.5292 1000
4740.9585 1000
4741.3039 1000
4742.1174 1000
4742.5671 1000
4743.6870 1000
4745.3375 1000
4747.6176 1000
4748.5911 1000
4749.2002 1000
4749.9713 1000
4752.4141 1000
4757.2196 1000
4761.1101 1000
4761.8614 1000
4762.5242 1000
4764.3463 1000
4764.8646 1000
4765.5950 1000
4766.6006 1000
4768.0578 1000
4773.2410 1000
4775.3130 1000
4775.7940 1000
4776.7792 1000
4777.1915 1000
4778.2940 1000
4779.7286 1000
4780.7505 1000
4781.2902 1000
4782.7612 1000
4783.6389 1000
4783.8617 1000
4784.0396 1000
4786.5310 1000
4786.7250 1000
4787.1480 1000
4788.6781 1000
4789.3868 1000
4790.4373 1000
4791.5157 1000
4792.0819 1000
4793.2446 1000
4793.9052 1000
4795.9131 1000
4796.2429 1000
4800.1724 1000
4801.0517 1000
4802.6714 1000
4803.9559 1000
4805.6063 1000
4806.0205 1000
4808.1337 1000
4809.6140 1000
4812.3755 1000
4813.0069 1000
4813.7204 1000
4813.8963 1000
4817.0206 1000
4818.6477 1000
4819.1930 1000
4820.4649 1000
4820.8847 1000
4821.5878 1000
4821.8646 1000
4822.8548 1000
4823.1823 1000
4823.6058 1000
4823.9967 1000
4824.6484 1000
4826.7004 1000
4828.6596 1000
4829.7973 1000
4831.1213 1000
4831.5975 1000
4832.4233 1000
4832.8025 1000
4833.6759 1000
4833.8277 1000
4834.0970 1000
4837.4121 1000
4838.3546 1000
4840.4744 1000
4840.8492 1000
4842.1676 1000
4843.9413 1000
4844.1653 1000
4844.5597 1000
4844.7553 1000
4844.9251 1000
4845.1626 1000
4847.3263 1000
4847.8095 1000
4848.3625 1000
4849.1399 1000
4849.8617 1000
4850.4397 1000
4852.8685 1000
4857.5385 1000
4858.0944 1000
4858.3327 1000
4861.2167 1000
4861.7173 1000
4863.1724 1000
4865.4775 1000
4865.9105 1000
4868.2742 1000
4868.8814 1000
4871.2890 1000
4872.0309 1000
4872.9169 1000
4874.3645 1000
4876.4949 1000
4877.0015 1000
4878.0094 1000
4878.7330 1000
4879.3497 1000
4879.8635 1000
4881.2046 1000
4881.8531 1000
4882.2432 1000
4886.8661 1000
4889.0422 1000
4889.4903 1000
4889.8553 1000
4890.4582 1000
4891.0379 1000
4891.6606 1000
4892.7592 1000
4893.4453 1000
4894.9551 1000
4898.8044 1000
4899.2401 1000
4902.0545 1000
4902.7943 1000
4903.0583 1000
4904.7516 1000
4907.2093 1000
4909.8431 1000
4910.1576 1000
4910.5488 1000
4910.7929 1000
4911.1358 1000
4911.3787 1000
4912.0428 1000
4912.5293 1000
4914.1210 1000
4915.4155 1000
4917.8220 1000
4919.8157 1000
4921.6134 1000
4922.9442 1000
4924.4223 1000
4925.4254 1000
4925.9501 1000
4926.2529 1000
4927.2988 1000
4927.7803 1000
4929.0860 1000
4929.9850 1000
4933.2091 1000
4933.8521 1000
4934.3306 1000
4935.9283 1000
4936.7746 1000
4937.8295 1000
4938.5047 1000
4939.0605 1000
4939.2707 1000
4939.6422 1000
4941.4160 1000
4943.0642 1000
4943.7076 1000
4945.4587 1000
4946.6637 1000
4947.5752 1000
4950.2513 1000
4950.6264 1000
4952.6908 1000
4953.5320 1000
4957.2963 1000
4958.0988 1000
4958.7240 1000
4961.3814 1000
4961.7260 1000
4962.0621 1000
4963.1881 1000
4965.0795 1000
4965.7315 1000
4967.0628 1000
4967.6529 1000
4968.7556 1000
4970.0785 1000
4972.1597 1000
4975.0917 1000
4975.9485 1000
4976.5938 1000
4977.3906 1000
4980.1859 1000
4980.7561 1000
4980.9513 1000
4982.4875 1000
4983.5324 1000
4985.3725 1000
4985.9486 1000
4987.1470 1000
4987.5582 1000
4989.3086 1000
4990.0324 1000
4991.2038 1000
4992.1257 1000
4992.6372 1000
4993.7488 1000
4994.1058 1000
4995.2981 1000
4996.5333 1000
4997.8189 1000
4999.2386 1000
4999.9398 1000
5000.2463 1000
5002.0972 1000
5002.8933 1000
5003.5981 1000
5004.1279 1000
5005.9752 1000
5008.1897 1000
5009.3344 1000
5009.9367 1000
5010.4174 1000
5011.4774 1000
5012.2754 1000
5013.1647 1000
5014.4480 1000
5014.7539 1000
5015.8893 1000
5016.5356 1000
5017.1628 1000
5017.5084 1000
5018.0535 1000
5019.3241 1000
5019.8062 1000
5020.5458 1000
5021.2531 1000
5022.0051 1000
5022.1740 1000
5023.7084 1000
5024.6122 1000
5026.9549 1000
5028.6556 1000
5029.0119 1000
5029.6295 1000
5029.8916 1000
5031.8147 1000
5034.2944 1000
5035.3375 1000
5036.7284 1000
5038.3018 1000
5039.2303 1000
5039.5265 1000
5040.6805 1000
5041.1224 1000
5041.5998 1000
5043.5145 1000
5044.7195 1000
5045.2481 1000
5046.3527 1000
5046.6372 1000
5047.0434 1000
5047.4283 1000
5048.9366 1000
5049.7960 1000
5050.7842 1000
5051.3427 1000
5051.8887 1000
5052.5853 1000
5055.3473 1000
5057.9866 1000
5058.3611 1000
5058.5600 1000
5059.8611 1000
5061.2225 1000
5061.6562 1000
5062.0371 1000
5062.9325 1000
5063.5157 1000
5063.9988 1000
5064.6020 1000
5064.9454 1000
5065.1926 1000
5066.1355 1000
5066.7773 1000
5067.1379 1000
5067.9737 1000
5068.8293 1000
5069.3384 1000
5070.7780 1000
5071.7534 1000
5072.6288 1000
5074.6465 1000
5075.4659 1000
5079.1374 1000
5079.9079 1000
5081.4462 1000
5082.6224 1000
5084.9935 1000
5085.2955 1000
5085.8392 1000
5086.1774 1000
5086.8351 1000
5089.2192 1000
5090.0513 1000
5090.5455 1000
5090.7510 1000
5094.6897 1000
5095.0639 1000
5096.4848 1000
5098.0432 1000
5100.6211 1000
5101.1299 1000
5101.3452 1000
5103.7653 1000
5106.6689 1000
5109.7331 1000
5110.0473 1000
5110.5528 1000
5111.0611 1000
5111.2781 1000
5114.0665 1000
5115.0448 1000
5116.2960 1000
5117.2923 1000
5118.2023 1000
5119.8676 1000
5121.3246 1000
5122.4995 1000
5124.2460 1000
5125.4895 1000
5125.9502 1000
5128.4897 1000
5129.5520 1000
5130.2338 1000
5131.0720 1000
5131.9924 1000
5133.1051 1000
5134.7460 1000
5136.1210 1000
5137.4733 1000
5139.4487 1000
5140.7736 1000
5141.2650 1000
5141.7827 1000
5143.2673 1000
5143.9165 1000
5145.0383 1000
5145.3083 1000
5146.0557 1000
5147.1346 1000
5148.2115 1000
5149.2069 1000
5149.8080 1000
5150.7000 1000
5151.6120 1000
5153.5173 1000
5154.2430 1000
5154.8985 1000
5157.4257 1000
5158.6041 1000
5159.4534 1000
5159.6202 1000
5161.5396 1000
5162.2846 1000
5163.4584 1000
5164.4014 1000
5165.7728 1000
5166.6553 1000
5168.5866 1000
5168.9225 1000
5170.2227 1000
5172.4786 1000
5172.6890 1000
5172.9175 1000
5173.6715 1000
5174.3699 1000
5174.7988 1000
5175.3248 1000
5175.9115 1000
5176.2292 1000
5176.4037 1000
5176.9610 1000
5177.6228 1000
5178.4800 1000
5179.1440 1000
5180.7209 1000
5182.5269 1000
5183.0897 1000
5183.3408 1000
5183.6044 1000
5183.9896 1000
5184.4534 1000
5184.7315 1000
5185.2042 1000
5186.4132 1000
5187.1677 1000
5187.3374 1000
5187.7462 1000
5188.3656 1000
5188.8432 1000
5189.6772 1000
5190.8720 1000
5193.8256 1000
5194.4576 1000
5195.8136 1000
5197.2360 1000
5198.7999 1000
5199.1637 1000
5202.0087 1000
5203.8479 1000
5205.1522 1000
5205.7787 1000
5206.4956 1000
5206.6625 1000
5206.7995 1000
5207.8015 1000
5209.7246 1000
5211.2305 1000
5213.3492 1000
5214.1613 1000
5216.5966 1000
5216.8139 1000
5218.5271 1000
5219.1099 1000
5220.3085 1000
5220.7068 1000
5220.9263 1000
5221.2710 1000
5222.2629 1000
5222.7661 1000
5224.1226 1000
5226.5254 1000
5228.2246 1000
5228.9951 1000
5229.7945 1000
5231.1597 1000
5232.3415 1000
5233.2254 1000
5234.1069 1000
5237.6280 1000
5237.9033 1000
5238.8137 1000
5239.5520 1000
5240.1968 1000
5241.8544 1000
5242.0892 1000
5245.3781 1000
5247.1968 1000
5247.6547 1000
5250.8727 1000
5252.5681 1000
5253.4441 1000
5254.2589 1000
5255.5736 1000
5255.9188 1000
5258.3602 1000
5259.7760 1000
5260.1041 1000
5261.4720 1000
5261.6995 1000
5262.2369 1000
5264.2332 1000
5264.7824 1000
5265.5514 1000
5266.7103 1000
5269.7927 1000
5270.2660 1000
5272.6439 1000
5272.9270 1000
5273.1317 1000
5274.1188 1000
5274.3897 1000
5276.4089 1000
5277.1460 1000
5277.5002 1000
5279.1968 1000
5280.0855 1000
5280.3441 1000
5281.0687 1000
5281.6285 1000
5282.3948 1000
5283.6959 1000
5284.5421 1000
5286.8870 1000
5289.6226 1000
5289.8974 1000
5291.8163 1000
5294.3971 1000
5295.0886 1000
5296.2787 1000
5297.4075 1000
5297.7431 1000
5298.2824 1000
5298.5601 1000
5300.5234 1000
5301.4043 1000
5303.4833 1000
5306.9864 1000
5307.4655 1000
5308.3105 1000
5309.6093 1000
5310.2665 1000
5310.8662 1000
5312.0018 1000
5312.5288 1000
5312.9045 1000
5315.2278 1000
5317.4944 1000
5318.1104 1000
5318.4268 1000
5320.0985 1000
5320.7699 1000
5322.8988 1000
5323.4002 1000
5325.1438 1000
5325.4317 1000
5326.2774 1000
5326.9756 1000
5329.3745 1000
5329.7559 1000
5330.0804 1000
5331.7477 1000
5333.3846 1000
5337.0154 1000
5338.6405 1000
5339.8952 1000
5340.4982 1000
5343.5812 1000
5345.3117 1000
5346.3778 1000
5347.9714 1000
5348.3092 1000
5349.0054 1000
5349.4608 1000
5350.5361 1000
5351.1265 1000
5351.8365 1000
5354.6016 1000
5355.6365 1000
5358.7059 1000
5359.8269 1000
5360.1501 1000
5361.1556 1000
5361.4101 1000
5362.2506 1000
5362.5751 1000
5363.6073 1000
5365.4705 1000
5366.7066 1000
5369.2819 1000
5369.4470 1000
5370.7096 1000
5371.1238 1000
5372.7027 1000
5374.8219 1000
5375.3526 1000
5375.7688 1000
5376.1304 1000
5376.7809 1000
5378.8356 1000
5379.1105 1000
5381.3709 1000
5382.9276 1000
5384.0356 1000
5386.6107 1000
5387.8131 1000
5388.0507 1000
5388.9061 1000
5391.0760 1000
5392.5726 1000
5393.5995 1000
5393.9719 1000
5394.7608 1000
5396.1127 1000
5397.5160 1000
5398.2047 1000
5398.7015 1000
5398.9219 1000
5399.1745 1000
5399.6218 1000
5400.1455 1000
5402.6048 1000
5403.1993 1000
5405.2097 1000
5407.3439 1000
5407.6535 1000
5410.7687 1000
5412.2212 1000
5414.5246 1000
5415.5226 1000
5417.4858 1000
5419.1285 1000
5421.3517 1000
5421.6628 1000
5421.8359 1000
5422.9151 1000
5424.0079 1000
5424.7296 1000
5425.6783 1000
5426.4075 1000
5427.6207 1000
5429.1048 1000
5430.5977 1000
5431.1120 1000
5431.6053 1000
5432.7650 1000
5433.2919 1000
5433.7005 1000
5434.1514 1000
5435.1229 1000
5435.7236 1000
5435.8925 1000
5436.4980 1000
5437.3877 1000
5438.1374 1000
5439.8518 1000
5439.9891 1000
5440.6015 1000
5441.0440 1000
5441.2145 1000
5443.1187 1000
5447.1536 1000
5448.2719 1000
5449.4788 1000
5449.8974 1000
5450.5104 1000
5451.6520 1000
5452.2187 1000
5455.1524 1000
5458.9676 1000
5460.7504 1000
5461.7358 1000
5462.3372 1000
5462.6129 1000
5463.3214 1000
5463.7697 1000
5464.2055 1000
5467.1704 1000
5470.1460 1000
5470.7591 1000
5476.4856 1000
5477.0540 1000
5477.5522 1000
5478.7446 1000
5479.0751 1000
5480.8907 1000
5481.4813 1000
5481.9629 1000
5483.1445 1000
5484.1467 1000
5484.5596 1000
5487.8414 1000
5488.6287 1000
5488.9254 1000
5489.0885 1000
5490.1194 1000
5492.6435 1000
5493.2040 1000
5494.3306 1000
5495.8738 1000
5496.1370 1000
5498.1841 1000
5499.2554 1000
5499.6478 1000
5501.2814 1000
5501.9439 1000
5504.3018 1000
5506.1128 1000
5506.9196 1000
5507.5385 1000
5508.5585 1000
5509.9938 1000
5510.6832 1000
5511.0608 1000
5512.7002 1000
5512.9793 1000
5514.3760 1000
5514.8731 1000
5517.7952 1000
5518.9893 1000
5519.2353 1000
5521.7532 1000
5523.1675 1000
5524.2188 1000
5524.5824 1000
5524.9570 1000
5527.2953 1000
5528.2272 1000
5529.0972 1000
5530.0763 1000
5530.6977 1000
5535.9710 1000
5537.1307 1000
5537.5563 1000
5538.6087 1000
5539.2618 1000
5539.9106 1000
5541.1466 1000
5541.5815 1000
5541.9357 1000
5542.8900 1000
5545.0495 1000
5545.8058 1000
5546.1204 1000
5547.1339 1000
5548.1758 1000
5551.3719 1000
5552.6229 1000
5555.5312 1000
5556.1487 1000
5557.0454 1000
5557.9214 1000
5558.3422 1000
5558.7020 1000
5559.8912 1000
5564.2011 1000
5567.9986 1000
5568.5397 1000
5570.9268 1000
5571.1913 1000
5572.0951 1000
5572.4649 1000
5573.3535 1000
5573.8708 1000
5574.9153 1000
5576.2045 1000
5577.6845 1000
5579.3583 1000
5580.0771 1000
5580.3924 1000
5580.7547 1000
5581.9668 1000
5582.3666 1000
5582.6789 1000
5582.8665 1000
5583.7621 1000
5585.8472 1000
5587.0263 1000
5587.7351 1000
5588.7506 1000
5590.1127 1000
5593.2683 1000
5593.6129 1000
5594.4604 1000
5595.0635 1000
5595.6097 1000
5597.4756 1000
5598.4794 1000
5599.6548 1000
5601.1216 1000
5601.6032 1000
5602.6261 1000
5604.5154 1000
5605.2957 1000
5606.3861 1000
5606.7330 1000
5609.5735 1000
5610.6809 1000
5612.0679 1000
5612.6174 1000
5615.3195 1000
5615.7286 1000
5616.6908 1000
5617.2897 1000
5617.6417 1000
5619.9755 1000
5620.9213 1000
5621.7884 1000
5624.9129 1000
5625.6782 1000
5626.0599 1000
5626.7369 1000
5629.3098 1000
5630.2969 1000
5633.2950 1000
5635.8792 1000
5639.7461 1000
5640.3623 1000
5641.5575 1000
5641.7342 1000
5643.1086 1000
5645.5249 1000
5645.6688 1000
5645.8947 1000
5646.4514 1000
5647.7069 1000
5648.6863 1000
5648.9910 1000
5650.7043 1000
5652.9020 1000
5654.0234 1000
5654.5185 1000
5655.4897 1000
5656.7273 1000
5657.1804 1000
5657.9255 1000
5659.1272 1000
5660.6594 1000
5663.0420 1000
5664.6210 1000
5665.1799 1000
5665.6283 1000
5666.4185 1000
5667.1281 1000
5671.0711 1000
5673.8358 1000
5674.9864 1000
5675.5016 1000
5677.0529 1000
5679.0050 1000
5681.9001 1000
5685.1921 1000
5687.3489 1000
5690.6934 1000
5691.6612 1000
5696.3904 1000
5698.2937 1000
5700.4584 1000
5700.9176 1000
5702.6511 1000
5703.9411 1000
5705.6371 1000
5707.1033 1000
5708.6794 1000
5711.9957 1000
5715.5251 1000
5715.7244 1000
5717.1711 1000
5717.5246 1000
5719.0971 1000
5719.6227 1000
5720.1828 1000
5721.4243 1000
5724.2374 1000
5724.4638 1000
5725.0114 1000
5725.3885 1000
5725.8959 1000
5727.0131 1000
5727.7103 1000
5729.9823 1000
5731.6022 1000
5732.9750 1000
5733.8851 1000
5736.0297 1000
5738.9669 1000
5739.5196 1000
5741.1705 1000
5741.8290 1000
5742.0838 1000
5745.6755 1000
5747.1931 1000
5747.3849 1000
5748.7412 1000
5749.3883 1000
5749.7862 1000
5753.0265 1000
5760.5508 1000
5761.5272 1000
5762.7941 1000
5763.5290 1000
5767.7785 1000
5768.1812 1000
5771.7601 1000
5772.1143 1000
5773.9463 1000
5776.1678 1000
5777.4006 1000
5779.8352 1000
5781.6588 1000
5782.3139 1000
5784.8625 1000
5789.6451 1000
5791.7036 1000
5792.4304 1000
5796.0683 1000
5797.3194 1000
5798.4780 1000
5800.8297 1000
5802.0798 1000
5804.1412 1000
5805.7017 1000
5807.6814 1000
5808.6569 1000
5811.8445 1000
5812.9725 1000
5815.4219 1000
5817.7348 1000
5818.4495 1000
5819.1272 1000
5819.6027 1000
5819.9000 1000
5820.3799 1000
5822.5217 1000
5822.7933 1000
5829.1097 1000
5829.8625 1000
5830.8272 1000
5832.3705 1000
5834.2633 1000
5838.9502 1000
5839.8514 1000
5840.6404 1000
5842.0500 1000
5843.8069 1000
5844.7909 1000
5845.9188 1000
5852.6806 1000
5853.4745 1000
5854.1207 1000
5855.4986 1000
5857.4491 1000
5858.7543 1000
5859.6687 1000
5860.3103 1000
5863.7184 1000
5866.8119 1000
5868.3745 1000
5869.8507 1000
5870.5526 1000
5871.1828 1000
5872.6028 1000
5872.8842 1000
5874.0383 1000
5874.3513 1000
5874.9865 1000
5878.2764 1000
5879.1265 1000
5882.6242 1000
5883.6247 1000
5884.0331 1000
5885.7016 1000
5886.5314 1000
5888.2622 1000
5888.5841 1000
5889.9531 1000
5891.4510 1000
5892.4328 1000
5893.4747 1000
5894.6979 1000
5895.2818 1000
5895.9281 1000
5896.3631 1000
5896.7885 1000
5899.8441 1000
5902.6021 1000
5904.1592 1000
5905.1763 1000
5905.5707 1000
5911.2296 1000
5912.0853 1000
5913.3638 1000
5914.3856 1000
5914.6709 1000
5916.7282 1000
5918.9442 1000
5925.4036 1000
5926.2321 1000
5928.8130 1000
5929.4802 1000
5929.9343 1000
5932.4274 1000
5936.3861 1000
5936.8740 1000
5937.1619 1000
5937.6634 1000
5937.9252 1000
5938.4570 1000
5938.8252 1000
5940.5653 1000
5942.3585 1000
5943.4653 1000
5944.6472 1000
5946.2347 1000
5948.7991 1000
5950.4265 1000
5953.5825 1000
5954.5852 1000
5954.8839 1000
5955.5616 1000
5956.2588 1000
5957.5885 1000
5960.7806 1000
5967.5099 1000
5968.3199 1000
5969.7373 1000
5970.4506 1000
5971.6008 1000
5972.4351 1000
5973.6649 1000
5975.0648 1000
5976.2005 1000
5981.8846 1000
5982.0960 1000
5986.2665 1000
5987.3016 1000
5989.0447 1000
5989.7430 1000
5991.0071 1000
5993.4941 1000
5994.1287 1000
5995.2198 1000
5996.6297 1000
5998.9987 1000
6000.7622 1000
6001.2033 1000
6001.7339 1000
6005.1650 1000
6005.7242 1000
6007.0722 1000
6010.1606 1000
6010.5994 1000
6011.5337 1000
6013.6777 1000
6014.0563 1000
6015.4218 1000
6016.3589 1000
6017.8618 1000
6018.9934 1000
6019.6385 1000
6020.2715 1000
6021.0357 1000
6021.4113 1000
6023.2242 1000
6025.1500 1000
6025.7779 1000
6026.0448 1000
6028.2713 1000
6029.2257 1000
6029.6500 1000
6030.4450 1000
6032.1274 1000
6032.8726 1000
6033.4131 1000
6035.1923 1000
6036.7622 1000
6037.6975 1000
6038.6805 1000
6042.5898 1000
6043.2233 1000
6044.4327 1000
6046.8977 1000
6049.0510 1000
6049.7721 1000
6050.9818 1000
6052.7229 1000
6053.3808 1000
6055.5937 1000
6058.1813 1000
6058.6123 1000
6059.3725 1000
6061.5361 1000
6064.7508 1000
6065.7799 1000
6066.4973 1000
6067.0803 1000
6069.0207 1000
6070.3412 1000
6073.1036 1000
6077.1057 1000
6077.8728 1000
6078.4212 1000
6079.2227 1000
6079.4724 1000
6085.3748 1000
6086.7022 1000
6087.2622 1000
6088.0305 1000
6090.4482 1000
6090.7848 1000
6097.1945 1000
6098.1205 1000
6098.8031 1000
6099.0831 1000
6099.9886 1000
6101.1615 1000
6101.7251 1000
6105.6351 1000
6106.8431 1000
6107.5337 1000
6112.8375 1000
6113.4657 1000
6114.5392 1000
6114.9234 1000
6116.1661 1000
6119.6998 1000
6120.5564 1000
6121.4075 1000
6122.2144 1000
6123.3619 1000
6123.8331 1000
6124.0687 1000
6124.4805 1000
6125.7396 1000
6127.4160 1000
6129.5458 1000
6131.9636 1000
6132.8632 1000
6133.0571 1000
6133.8143 1000
6137.9260 1000
6138.6465 1000
6144.7581 1000
6145.2833 1000
6145.4411 1000
6150.6830 1000
6151.5133 1000
6151.9929 1000
6154.0682 1000
6154.5162 1000
6155.2385 1000
6155.5810 1000
6157.0878 1000
6161.3534 1000
6162.1700 1000
6162.9699 1000
6164.4796 1000
6165.1232 1000
6166.4311 1000
6169.0326 1000
6169.8221 1000
6170.1740 1000
6172.2778 1000
6173.0964 1000
6178.4315 1000
6179.8488 1000
6180.7050 1000
6182.6217 1000
6187.1350 1000
6188.1251 1000
6189.1449 1000
6191.9053 1000
6193.8563 1000
6195.3210 1000
6196.3965 1000
6198.2227 1000
6200.4325 1000
6201.1002 1000
6203.4925 1000
6204.1281 1000
6205.0180 1000
6205.2561 1000
6205.8599 1000
6207.2201 1000
6207.7504 1000
6208.6869 1000
6208.9861 1000
6209.9496 1000
6212.5031 1000
6212.7191 1000
6215.9383 1000
6217.5785 1000
6219.7779 1000
6220.0112 1000
6221.0599 1000
6221.3192 1000
6223.5202 1000
6224.5272 1000
6226.3697 1000
6231.1227 1000
6231.3808 1000
6232.9745 1000
6234.1962 1000
6234.8554 1000
6239.7121 1000
6240.9536 1000
6242.9407 1000
6243.1201 1000
6243.3603 1000
6245.0409 1000
6245.6182 1000
6246.1736 1000
6246.9297 1000
6248.4055 1000
6250.4858 1000
6257.4237 1000
6258.6068 1000
6261.0642 1000
6261.4181 1000
6264.7139 1000
6265.6036 1000
6266.1737 1000
6268.2001 1000
6271.5444 1000
6274.1166 1000
6276.1646 1000
6277.2385 1000
6279.1666 1000
6279.9776 1000
6285.2780 1000
6286.0453 1000
6287.2554 1000
6289.4882 1000
6291.1915 1000
6291.6286 1000
6292.0601 1000
6292.8909 1000
6293.2424 1000
6296.8722 1000
6298.9027 1000
6300.9165 1000
6301.4128 1000
6303.2507 1000
6304.2423 1000
6307.6570 1000
6309.1600 1000
6310.8101 1000
6312.6222 1000
6314.2693 1000
6315.7750 1000
6317.1824 1000
6321.3004 1000
6321.8199 1000
6323.8421 1000
6324.3978 1000
6326.3669 1000
6327.2778 1000
6331.4137 1000
6332.5118 1000
6333.1459 1000
6335.4060 1000
6337.6201 1000
6339.3061 1000
6339.6684 1000
6342.8595 1000
6346.1209 1000
6348.2321 1000
6348.7375 1000
6355.6300 1000
6355.9108 1000
6357.0229 1000
6357.6779 1000
6358.6211 1000
6359.1345 1000
6359.6744 1000
6362.2518 1000
6364.8937 1000
6369.1394 1000
6369.5748 1000
6371.9436 1000
6372.4602 1000
6374.8255 1000
6376.9305 1000
6378.7604 1000
6379.6733 1000
6381.3598 1000
6381.7588 1000
6384.7169 1000
6387.3957 1000
6388.4179 1000
6389.3900 1000
6390.1289 1000
6391.1774 1000
6392.3685 1000
6393.7972 1000
6394.0498 1000
6396.9499 1000
6397.4536 1000
6399.2065 1000
6399.9498 1000
6400.6961 1000
6403.0128 1000
6406.4462 1000
6408.9035 1000
6411.8991 1000
6413.6145 1000
6414.7040 1000
6415.5374 1000
6416.3071 1000
6418.3703 1000
6422.1075 1000
6422.8969 1000
6424.8127 1000
6427.5044 1000
6428.7733 1000
6431.5550 1000
6436.6699 1000
6437.7613 1000
6438.3095 1000
6438.9160 1000
6439.0715 1000
6441.8994 1000
6443.8598 1000
6445.6407 1000
6446.7712 1000
6449.8081 1000
6450.0060 1000
6450.9557 1000
6452.0591 1000
6455.2647 1000
6455.5964 1000
6457.2824 1000
6460.4750 1000
6461.0596 1000
6466.3572 1000
6466.5526 1000
6466.7171 1000
6467.6754 1000
6471.2131 1000
6471.6577 1000
6481.3017 1000
6483.0825 1000
6484.0694 1000
6485.3759 1000
6487.4811 1000
6488.8832 1000
6490.7372 1000
6493.1975 1000
6493.7777 1000
6495.2573 1000
6496.0292 1000
6497.4919 1000
6499.6456 1000
6500.6575 1000
6501.9919 1000
6503.5111 1000
6506.9868 1000
6508.3605 1000
6509.0503 1000
6510.9969 1000
6512.3639 1000
6522.0432 1000
6522.4994 1000
6526.9045 1000
6531.3418 1000
6534.6056 1000
6536.1441 1000
6537.1775 1000
6537.6139 1000
6538.1120 1000
6542.0498 1000
6542.5131 1000
6545.7186 1000
6550.1877 1000
6550.5475 1000
6551.7055 1000
6554.1603 1000
6558.8756 1000
6560.0574 1000
6564.4445 1000
6565.0700 1000
6569.6322 1000
6576.1221 1000
6577.2146 1000
6577.6552 1000
6580.2299 1000
6583.9060 1000
6584.6130 1000
6585.6945 1000
6588.5396 1000
6591.4845 1000
6593.4628 1000
6593.9391 1000
6596.1141 1000
6596.9623 1000
6598.6778 1000
6599.4824 1000
6600.7311 1000
6602.7620 1000
6603.6209 1000
6604.8534 1000
6605.4165 1000
6608.4430 1000
6613.3740 1000
6617.0580 1000
6617.5154 1000
6618.1668 1000
6619.9458 1000
6620.9665 1000
6632.0837 1000
6633.4579 1000
6638.2207 1000
6638.9119 1000
6639.7403 1000
6643.6976 1000
6644.6635 1000
6646.5407 1000
6648.4954 1000
6648.9586 1000
6654.3675 1000
6655.4892 1000
6656.9386 1000
6658.6774 1000
6660.6761 1000
6662.2686 1000
6663.6966 1000
6664.0510 1000
6666.3588 1000
6668.8163 1000
6673.5797 1000
6674.6969 1000
6677.2817 1000
6678.7067 1000
6680.0811 1000
6683.3673 1000
6684.2929 1000
6687.5207 1000
6692.7262 1000
6694.0068 1000
6694.4967 1000
6696.1400 1000
6697.7123 1000
6700.7499 1000
6703.8966 1000
6704.0510 1000
6711.2521 1000
6713.9700 1000
6715.1885 1000
6717.3851 1000
6719.1995 1000
6726.3091 1000
6727.4583 1000
6728.1183 1000
6728.7595 1000
6729.9328 1000
6732.6491 1000
6733.7488 1000
6738.1800 1000
6741.9212 1000
6742.8845 1000
6751.4267 1000
6752.8335 1000
6753.6598 1000
6756.4528 1000
6757.1092 1000
6758.2035 1000
6760.8923 1000
6766.6117 1000
6770.1069 1000
6772.1745 1000
6773.0973 1000
6778.3123 1000
6779.3242 1000
6780.1252 1000
6780.4131 1000
6787.7364 1000
6788.8403 1000
6791.2351 1000
6795.7982 1000
6798.4868 1000
6800.4645 1000
6807.3190 1000
6808.5311 1000
6809.1000 1000
6809.3173 1000
6809.5094 1000
6809.6773 1000
6810.5494 1000
6812.4915 1000
6812.7752 1000
6815.6123 1000
6823.5084 1000
6824.6774 1000
6827.2488 1000
6829.0355 1000
6829.3472 1000
6832.8927 1000
6834.9246 1000
6839.2949 1000
6846.4790 1000
6851.8842 1000
6852.3545 1000
6853.5234 1000
6854.1093 1000
6854.5128 1000
6855.3150 1000
6855.6891 1000
6861.2688 1000
6862.8685 1000
6863.5350 1000
6866.3666 1000
6866.7634 1000
6868.4508 1000
6870.7261 1000
6871.2891 1000
6874.7530 1000
6879.5824 1000
6882.8114 1000
6883.3147 1000
6886.4082 1000
6887.0881 1000
6888.1742 1000
6888.8347 1000
6889.3032 1000
6892.2502 1000
6902.2105 1000
6908.9905 1000
6909.8491 1000
6911.2264 1000
6914.7127 1000
6916.1289 1000
6920.0394 1000
6924.6611 1000
6925.0094 1000
6936.6528 1000
6937.6642 1000
6942.5380 1000
6943.6105 1000
6945.4902 1000
6946.2134 1000
6947.9170 1000
6948.2052 1000
6948.3942 1000
6951.4776 1000
6952.9666 1000
6954.6560 1000
6955.3150 1000
6960.2500 1000
6962.3117 1000
6965.4307 1000
6969.2976 1000
6981.0831 1000
6985.4718 1000
6986.0298 1000
6989.6553 1000
6992.2126 1000
6992.6966 1000
6993.0371 1000
6993.9873 1000
6996.7573 1000
6999.2706 1000
6999.6238 1000
7000.8036 1000
7002.8829 1000
7007.0961 1000
7014.9689 1000
7015.3172 1000
7018.5675 1000
7020.4841 1000
7021.2832 1000
7025.2251 1000
7026.4616 1000
7028.0228 1000
7030.2514 1000
7032.9310 1000
7033.3588 1000
7033.6523 1000
7036.2831 1000
7038.7202 1000
7045.7970 1000
7053.6196 1000
7054.4177 1000
7055.9011 1000
7058.4895 1000
7059.5253 1000
7060.0417 1000
7060.6538 1000
7061.3942 1000
7064.4515 1000
7067.2181 1000
7068.7358 1000
7071.0942 1000
7071.4800 1000
7072.3939 1000
7074.2563 1000
7075.3336 1000
7084.1690 1000
7086.7044 1000
7088.8232 1000
7089.3395 1000
7100.5144 1000
7102.5910 1000
7107.4778 1000
7109.1819 1000
7109.8602 1000
7112.9189 1000
7113.9879 1000
7114.3984 1000
7122.0441 1000
7124.5607 1000
7125.5214 1000
7125.8200 1000
7130.1846 1000
7130.7236 1000
7131.3586 1000
7132.6100 1000
7140.4617 1000
7142.3310 1000
7147.0416 1000
7148.1451 1000
7148.5589 1000
7150.2844 1000
7153.5877 1000
7154.7622 1000
7154.9538 1000
7156.9416 1000
7158.8387 1000
7159.9470 1000
7162.5569 1000
7167.2028 1000
7168.8952 1000
7170.3607 1000
7173.3725 1000
7176.1860 1000
7176.7213 1000
7179.7147 1000
7188.5320 1000
7191.1328 1000
7200.0454 1000
7201.8091 1000
7202.1910 1000
7202.5166 1000
7206.4830 1000
7206.9804 1000
7208.0063 1000
7212.6896 1000
7218.0542 1000
7219.1515 1000
7220.9809 1000
7225.1099 1000
7229.9386 1000
7230.8623 1000
7233.5365 1000
7240.1848 1000
7242.0919 1000
7244.6965 1000
7246.1277 1000
7248.9668 1000
7250.5895 1000
7253.6760 1000
7255.3541 1000
7256.9860 1000
7258.1770 1000
7265.1724 1000
7270.6636 1000
7272.9359 1000
7284.9033 1000
7285.4437 1000
7296.2659 1000
7298.1434 1000
7305.4043 1000
7308.6418 1000
7311.7159 1000
7315.0661 1000
7315.6112 1000
7316.0050 1000
7323.2106 1000
7324.8073 1000
7326.1491 1000
7328.2850 1000
7329.4916 1000
7335.5772 1000
7337.7812 1000
7339.6035 1000
7341.1515 1000
7342.2995 1000
7342.5769 1000
7345.3996 1000
7346.3428 1000
7348.0530 1000
7350.8140 1000
7353.2930 1000
7358.3449 1000
7361.3472 1000
7362.1942 1000
7370.8255 1000
7372.1184 1000
7376.8772 1000
7380.4263 1000
7383.9805 1000
7385.5006 1000
7386.3445 1000
7392.9801 1000
7393.4377 1000
7402.2521 1000
7403.9901 1000
7404.2595 1000
7410.9683 1000
7411.7363 1000
7412.3368 1000
7413.5958 1000
7417.7908 1000
7418.5499 1000
7422.3118 1000
7423.8044 1000
7425.2942 1000
7428.9405 1000
7430.2533 1000
7435.3683 1000
7436.2970 1000
7440.4933 1000
7443.8753 1000
7444.7489 1000
7447.8488 1000
7449.6049 1000
7449.8091 1000
7455.2080 1000
7458.7541 1000
7461.8746 1000
7462.9910 1000
7465.4400 1000
7469.0566 1000
7471.1641 1000
7481.3545 1000
7483.6256 1000
7484.3267 1000
7487.9738 1000
7493.4276 1000
7495.5641 1000
7499.0024 1000
7500.6556 1000
7503.8691 1000
7508.4787 1000
7510.4082 1000
7511.3498 1000
7511.7902 1000
7514.6518 1000
7518.7824 1000
7523.1347 1000
7525.5079 1000
7528.4892 1000
7531.1437 1000
7536.4365 1000
7537.4287 1000
7549.3138 1000
7555.3254 1000
7557.7495 1000
7565.8515 1000
7566.5296 1000
7567.7417 1000
7569.5115 1000
7570.5590 1000
7571.0326 1000
7573.3437 1000
7580.3460 1000
7585.7922 1000
7586.2132 1000
7586.9943 1000
7589.3151 1000
7598.2054 1000
7603.6243 1000
7607.8230 1000
7616.6827 1000
7618.3443 1000
7620.0773 1000
7623.5683 1000
7624.3123 1000
7625.1195 1000
7625.7053 1000
7627.1749 1000
7628.8818 1000
7630.3106 1000
7632.1305 1000
7635.1060 1000
7636.1746 1000
7637.3852 1000
7638.7805 1000
7644.7403 1000
7647.3794 1000
7651.0006 1000
7651.7451 1000
7652.3202 1000
7653.8284 1000
7654.6998 1000
7658.3246 1000
7660.0234 1000
7660.8903 1000
7666.5679 1000
7668.9608 1000
7670.0575 1000
7672.2552 1000
7676.2195 1000
7678.1267 1000
7683.0189 1000
7685.3075 1000
7686.1538 1000
7691.7706 1000
7693.8016 1000
7697.9239 1000
7699.4034 1000
7699.7794 1000
7701.1081 1000
7703.6850 1000
7704.8169 1000
7709.5523 1000
7709.8915 1000
7710.2692 1000
7711.1248 1000
7712.4050 1000
7713.9378 1000
7721.2023 1000
7723.7611 1000
7724.2072 1000
7728.9510 1000
7731.7385 1000
7742.5628 1000
7743.9552 1000
7761.7133 1000
7762.7320 1000
7771.9468 1000
7776.6727 1000
7778.4922 1000
7782.3165 1000
7787.8002 1000
7788.9342 1000
7793.1326 1000
7798.3579 1000
7804.1414 1000
7804.5300 1000
7807.8759 1000
7808.3304 1000
7810.6245 1000
7813.4761 1000
7813.9729 1000
7814.3230 1000
7816.1534 1000
7817.7669 1000
7822.3877 1000
7834.4578 1000
7835.6209 1000
7836.4597 1000
7840.2981 1000
7840.4576 1000
7841.7911 1000
7842.2656 1000
7847.5394 1000
7848.4547 1000
7849.6254 1000
7861.9100 1000
7864.0218 1000
7865.9698 1000
7867.6883 1000
7868.1946 1000
7872.6316 1000
7875.4626 1000
7877.0756 1000
7886.2830 1000
7891.0750 1000
7893.6191 1000
7896.4528 1000
7899.6229 1000
7900.3200 1000
7904.4344 1000
7916.4420 1000
7920.8570 1000
7922.5653 1000
7924.9914 1000
7925.7478 1000
7937.7335 1000
7941.7259 1000
7945.0699 1000
7948.1764 1000
7954.5923 1000
7956.9740 1000
7961.9832 1000
7970.2537 1000
7972.5960 1000
7974.1592 1000
7978.9731 1000
7981.2262 1000
7987.9731 1000
7991.3655 1000
7992.1588 1000
7993.6808 1000
7996.9691 1000
8000.0449 1000
8003.4551 1000
8006.1567 1000
8014.7857 1000
8017.5275 1000
8022.2014 1000
8024.2530 1000
8025.7271 1000
8026.2135 1000
8030.2004 1000
8032.4313 1000
8032.9061 1000
8035.6377 1000
8037.2183 1000
8046.1169 1000
8050.6480 1000
8053.3085 1000
8054.5355 1000
8062.6304 1000
8066.8267 1000
8075.6518 1000
8085.2190 1000
8089.4852 1000
8092.2373 1000
8093.6238 1000
8094.0559 1000
8096.2600 1000
8103.6931 1000
8105.3947 1000
8115.3110 1000
8119.1811 1000
8122.7234 1000
8129.4051 1000
8137.9363 1000
8138.4753 1000
8139.9032 1000
8143.1380 1000
8149.7021 1000
8152.3818 1000
8157.5434 1000
8159.7277 1000
8162.0587 1000
8163.1210 1000
8166.4477 1000
8169.7865 1000
8172.1234 1000
8177.1788 1000
8186.9113 1000
8190.8849 1000
8194.3943 1000
8198.4420 1000
8202.1469 1000
8203.2009 1000
8205.1110 1000
8207.4785 1000
8209.4461 1000
8214.1472 1000
8217.2264 1000
8227.4722 1000
8227.6828 1000
8231.4069 1000
8234.9381 1000
8252.3936 1000
8253.6156 1000
8254.7422 1000
8259.5110 1000
8261.0143 1000
8264.5225 1000
8275.6266 1000
8288.4143 1000
8292.5272 1000
8295.5497 1000
8297.1765 1000
8304.4244 1000
8311.6306 1000
8320.8554 1000
8330.4494 1000
8335.7067 1000
8341.4770 1000
8346.5427 1000
8356.0693 1000
8357.8357 1000
8358.7260 1000
8360.4915 1000
8366.0741 1000
8367.3936 1000
8369.3404 1000
8379.2261 1000
8379.7679 1000
8383.0884 1000
8384.7240 1000
8385.7280 1000
8387.1053 1000
8388.5363 1000
8398.1780 1000
8399.2578 1000
8401.9890 1000
8403.7965 1000
8408.2096 1000
8411.9172 1000
8416.7269 1000
8417.9982 1000
8421.2254 1000
8424.6475 1000
8445.4870 1000
8446.5116 1000
8450.6754 1000
8456.3468 1000
8464.2367 1000
8465.6706 1000
8471.8260 1000
8478.3580 1000
8490.3065 1000
8498.0161 1000
8500.6797 1000
8501.4398 1000
8510.6240 1000
8511.9091 1000
8513.4063 1000
8516.5542 1000
8519.3316 1000
8521.4422 1000
8530.9108 1000
8531.4506 1000
8532.9137 1000
8534.6797 1000
8539.7930 1000
8542.0871 1000
8543.7225 1000
8544.5955 1000
8554.9440 1000
8556.3250 1000
8558.4464 1000
8560.4348 1000
8568.2088 1000
8573.1205 1000
8575.3305 1000
8577.2768 1000
8587.6342 1000
8591.8387 1000
8593.1089 1000
8599.7553 1000
8604.0163 1000
8605.7762 1000
8616.2219 1000
8620.4602 1000
8621.3225 1000
8629.1415 1000
8631.3565 1000
8638.3623 1000
8639.4416 1000
8645.3087 1000
8649.1490 1000
8655.8760 1000
8662.1372 1000
8665.4855 1000
8667.9442 1000
8675.3983 1000
8678.4083 1000
8687.8480 1000
8701.1209 1000
8703.7025 1000
8704.8601 1000
8707.3592 1000
8709.2341 1000
8710.4142 1000
8712.8528 1000
8713.6547 1000
8719.6290 1000
8721.6595 1000
8722.4577 1000
8724.3761 1000
8732.4240 1000
8734.0234 1000
8739.7816 1000
8748.0309 1000
8749.1697 1000
8758.2434 1000
8760.4496 1000
8761.6862 1000
8766.7450 1000
8771.8602 1000
8772.8052 1000
8775.5733 1000
8782.7156 1000
8784.5621 1000
8790.3761 1000
8792.0572 1000
8798.1720 1000
8799.0875 1000
8804.5894 1000
8810.2540 1000
8812.5111 1000
8816.1728 1000
8817.7431 1000
8820.2312 1000
8820.4210 1000
8821.7586 1000
8829.6938 1000
8841.1833 1000
8842.0744 1000
8848.3052 1000
8849.3151 1000
8852.7916 1000
8854.9079 1000
8857.8731 1000
8859.0181 1000
8859.4123 1000
8860.9757 1000
8862.2915 1000
8866.7145 1000
8868.8334 1000
8875.2324 1000
8881.9003 1000
8882.5115 1000
8889.1939 1000
8890.2805 1000
8892.9865 1000
8893.5397 1000
8899.2971 1000
8905.6581 1000
8907.0331 1000
8910.8566 1000
8912.7739 1000
8917.5099 1000
8919.7742 1000
8920.2012 1000
8924.2459 1000
8927.7293 1000
8928.0925 1000
8941.6608 1000
8948.4211 1000
8949.1227 1000
8955.8467 1000
8957.9860 1000
8959.2846 1000
8962.1468 1000
8962.8942 1000
8964.0530 1000
8967.0031 1000
8967.6403 1000
8968.9461 1000
8969.8667 1000
8979.7026 1000
8980.7395 1000
8985.2808 1000
8987.4079 1000
8990.4779 1000
8990.8935 1000
8995.1893 1000
8997.8763 1000
8999.5264 1000
9008.4636 1000
9009.8832 1000
9011.5152 1000
9012.5263 1000
9013.9748 1000
9016.5903 1000
9017.5912 1000
9031.8194 1000
9035.9195 1000
9037.8938 1000
9038.6911 1000
9040.1229 1000
9045.3532 1000
9048.2501 1000
9053.4858 1000
9056.0813 1000
9058.2586 1000
9062.5631 1000
9063.9600 1000
9066.1115 1000
9068.0230 1000
9069.5817 1000
9072.2785 1000
9075.3945 1000
9090.8186 1000
9094.8289 1000
9101.0826 1000
9103.3420 1000
9105.4689 1000
9107.2269 1000
9109.3144 1000
9111.5314 1000
9113.4542 1000
9118.1378 1000
9119.6365 1000
9122.9674 1000
9126.3292 1000
9129.1822 1000
9130.9682 1000
9132.2739 1000
9134.6919 1000
9135.9375 1000
9137.7316 1000
9140.5559 1000
9153.3664 1000
9155.2968 1000
9156.9236 1000
9157.4218 1000
9159.0346 1000
9165.8950 1000
9167.7950 1000
9170.8220 1000
9178.7795 1000
9181.8967 1000
9187.5654 1000
9192.5937 1000
9193.5928 1000
9194.6385 1000
9197.2557 1000
9199.6841 1000
9203.9617 1000
9208.0252 1000
9208.5811 1000
9215.9197 1000
9221.4324 1000
9224.4992 1000
9227.5119 1000
9232.4960 1000
9233.2739 1000
9233.8574 1000
9234.3987 1000
9239.3261 1000
9240.2158 1000
9243.7603 1000
9245.2557 1000
9248.1186 1000
9249.9067 1000
9250.5782 1000
9260.3254 1000
9263.6830 1000
9266.2070 1000
9266.9198 1000
9267.6895 1000
9270.1501 1000
9271.1802 1000
9276.2732 1000
9279.7085 1000
9286.3805 1000
9289.5624 1000
9291.5313 1000
9294.9740 1000
9300.0131 1000
9307.8956 1000
9310.4440 1000
9317.7296 1000
9323.0400 1000
9327.2462 1000
9336.1624 1000
9340.7053 1000
9349.2523 1000
9354.2198 1000
9355.9911 1000
9360.9879 1000
9366.7971 1000
9379.7288 1000
9380.6439 1000
9383.2722 1000
9384.0997 1000
9388.9308 1000
9390.5852 1000
9392.2645 1000
9393.7757 1000
9399.0891 1000
9406.8923 1000
9409.3488 1000
9413.6761 1000
9414.0886 1000
9417.4570 1000
9420.4985 1000
9422.3137 1000
9422.9331 1000
9431.5996 1000
9432.2827 1000
9435.1230 1000
9436.8127 1000
9446.9891 1000
9450.4608 1000
9455.2023 1000
9456.0216 1000
9461.0279 1000
9467.1954 1000
9470.6819 1000
9474.8793 1000
9486.9256 1000
9495.4979 1000
9497.1891 1000
9500.2999 1000
9504.2159 1000
9505.3930 1000
9507.6525 1000
9508.4513 1000
9510.9465 1000
9514.7986 1000
9535.6566 1000
9536.4070 1000
9548.0303 1000
9553.9847 1000
9561.2452 1000
9565.5588 1000
9567.2805 1000
9567.8292 1000
9570.4022 1000
9571.5019 1000
9577.3475 1000
9582.8133 1000
9587.0275 1000
9588.8066 1000
9590.3432 1000
9595.3906 1000
9605.8059 1000
9607.5347 1000
9608.4866 1000
9608.9352 1000
9613.6911 1000
9619.2179 1000
9620.9953 1000
9625.1984 1000
9627.6706 1000
9629.5693 1000
9630.7442 1000
9632.6439 1000
9636.9019 1000
9641.1951 1000
9642.4776 1000
9643.3195 1000
9657.7863 1000
9663.6433 1000
9664.6983 1000
9674.7914 1000
9676.8364 1000
9685.6771 1000
9695.0311 1000
9700.5631 1000
9702.2720 1000
9713.1103 1000
9716.1420 1000
9718.4922 1000
9736.2125 1000
9738.6224 1000
9739.7704 1000
9743.5614 1000
9746.4629 1000
9753.5920 1000
9757.2197 1000
9764.6062 1000
9769.5348 1000
9779.4532 1000
9784.5028 1000
9789.5111 1000
9796.2002 1000
9797.2456 1000
9800.3629 1000
9801.7074 1000
9812.6976 1000
9814.9578 1000
9819.1781 1000
9826.4497 1000
9833.4232 1000
9837.1669 1000
9838.0046 1000
9840.9172 1000
9845.6835 1000
9855.7421 1000
9864.5972 1000
9865.4489 1000
9867.8902 1000
9868.9206 1000
9871.9947 1000
9872.6300 1000
9873.8151 1000
9878.5208 1000
9880.7853 1000
9896.0483 1000
9898.3532 1000
9902.3569 1000
9906.3907 1000
9907.4718 1000
9910.0750 1000
9911.1129 1000
9912.1996 1000
9913.6234 1000
9923.3088 1000
9927.3252 1000
9932.7748 1000
9934.7173 1000
9935.1992 1000
9938.8355 1000
9943.0647 1000
9952.3704 1000
9952.8033 1000
9963.4911 1000
9970.4625 1000
9974.6893 1000
9985.0500 1000
9987.6352 1000
9989.9371 1000
9992.6485 1000
9993.8630 1000
9998.5092 1000
9998.9599 1000
10011.395 1000
10022.283 1000
10033.221 1000
10037.118 1000
10039.364 1000
10045.312 1000
10048.036 1000
10054.962 1000
10056.209 1000
10079.541 1000
10082.879 1000
10083.785 1000
10086.403 1000
10089.135 1000
10102.574 1000
10105.076 1000
10117.990 1000
10133.566 1000
10137.386 1000
10140.430 1000
10141.397 1000
10144.264 1000
10175.007 1000
10178.519 1000
10180.593 1000
10184.539 1000
10188.415 1000
10211.533 1000
10218.432 1000
10223.658 1000
10236.028 1000
10241.774 1000
10247.556 1000
10250.679 1000
10255.580 1000
10257.369 1000
10258.166 1000
10271.188 1000
10273.696 1000
10276.797 1000
10283.116 1000
10288.991 1000
10293.049 1000
10301.166 1000
10308.544 1000
10316.891 1000
10343.821 1000
10346.536 1000
10349.048 1000
10358.167 1000
10412.991 1000
10419.578 1000
10429.670 1000
10450.442 1000
10459.720 1000
10470.053 1000
10492.257 1000
10494.840 1000
10498.492 1000
10512.204 1000
10527.786 1000
10556.450 1000
10565.304 1000
